well	type	0	0.5	1	1.5	2	2.5	3	3.5	4	4.5	5	5.5	6	6.5	7	7.5	8	8.5	9	9.5	10	10.5	11	11.5	12	12.5	13	13.5	14	14.5	15	15.5	16	16.5	17	17.5	18	18.5	19	19.5	20	20.5	21	21.5	22	22.5	23	23.5	24	24.5	25	25.5	26	26.5	27	27.5	28	28.5	29	29.5	30	30.5	31	31.5	32	32.5	33	33.5	34	34.5	35	35.5	36	36.5	37	37.5	38	38.5	39	39.5	40	40.5	41	41.5	42
B1	Blank-	0.1392	0.1392	0.1395	0.1395	0.1401	0.1401	0.1406	0.1407	0.1409	0.1415	0.1418	0.1432	0.1443	0.1457	0.1474	0.1485	0.1503	0.152	0.1533	0.1545	0.1561	0.1572	0.1583	0.1595	0.1603	0.1615	0.1623	0.1631	0.1639	0.1643	0.1651	0.1661	0.1666	0.1671	0.1676	0.1684	0.1687	0.1695	0.1696	0.1704	0.1702	0.1711	0.1714	0.1717	0.1713	0.1724	0.173	0.1733	0.1738	0.1739	0.1743	0.1749	0.1752	0.1756	0.1758	0.176	0.1769	0.1769	0.1768	0.1775	0.1774	0.1781	0.1785	0.1787	0.1787	0.1793	0.1795	0.1797	0.1796	0.1802	0.1806	0.1809	0.1808	0.1817	0.1814	0.1819	0.182	0.1827	0.1821	0.1832	0.183	0.1838	0.1835	0.1843	0.184
B2	WT-	0.1917	0.1924	0.1968	0.2013	0.2048	0.208	0.2121	0.2158	0.2201	0.2255	0.2322	0.2398	0.2505	0.2627	0.2715	0.2803	0.2917	0.304	0.3181	0.3326	0.3483	0.3649	0.3781	0.388	0.4021	0.4114	0.421	0.4347	0.447	0.4542	0.4664	0.478	0.4921	0.5027	0.5133	0.523	0.5372	0.5505	0.5573	0.5641	0.5687	0.5745	0.5828	0.592	0.6024	0.6111	0.6211	0.6349	0.6455	0.6515	0.6615	0.6727	0.6841	0.693	0.7039	0.7147	0.7251	0.7307	0.7406	0.7498	0.7571	0.7663	0.7719	0.779	0.7851	0.7889	0.7952	0.8005	0.805	0.8095	0.8126	0.8154	0.8196	0.8234	0.8255	0.8276	0.8301	0.8322	0.8343	0.8374	0.8392	0.8418	0.8437	0.846	0.8488
B3	dTom NI	0.1945	0.1942	0.1961	0.1991	0.2004	0.2023	0.2045	0.2066	0.209	0.2118	0.2158	0.2197	0.2251	0.2304	0.2368	0.2459	0.2564	0.2671	0.2775	0.2874	0.2979	0.309	0.3188	0.3311	0.3427	0.3544	0.3641	0.3755	0.3861	0.3929	0.4093	0.4139	0.4239	0.4387	0.4471	0.4558	0.4668	0.48	0.4908	0.5002	0.5108	0.5204	0.5271	0.5318	0.5367	0.5438	0.5492	0.5591	0.5671	0.5753	0.5849	0.599	0.6046	0.6108	0.625	0.6324	0.645	0.6527	0.6625	0.671	0.6847	0.6925	0.7007	0.7109	0.7179	0.7297	0.7374	0.7437	0.7504	0.7567	0.764	0.7664	0.7746	0.7802	0.7832	0.7882	0.7917	0.7956	0.7978	0.8015	0.8042	0.8067	0.809	0.8113	0.8127
B4	dTom-	0.196	0.1946	0.1969	0.1989	0.2002	0.2023	0.2039	0.2061	0.2083	0.2111	0.2144	0.2182	0.2236	0.2291	0.2354	0.2444	0.2547	0.2666	0.2768	0.2872	0.2974	0.3081	0.3184	0.3285	0.3397	0.3498	0.3601	0.3706	0.3801	0.3909	0.3976	0.4078	0.4171	0.4244	0.4361	0.4451	0.4546	0.4648	0.4736	0.4844	0.4949	0.5039	0.5078	0.5137	0.5178	0.5261	0.5343	0.5363	0.5473	0.5567	0.5615	0.5671	0.5811	0.5868	0.597	0.6052	0.6136	0.6251	0.6307	0.6386	0.6459	0.6574	0.6648	0.6732	0.681	0.6865	0.698	0.7074	0.7133	0.7209	0.7257	0.7305	0.7395	0.7439	0.7484	0.7556	0.7587	0.7619	0.7644	0.7684	0.7715	0.7745	0.7765	0.778	0.7813
B5	SYFP2 NI	0.19	0.1891	0.1922	0.1945	0.1977	0.2003	0.2006	0.2018	0.2042	0.2064	0.209	0.2129	0.2173	0.2221	0.2282	0.2356	0.2438	0.2535	0.2634	0.2726	0.2807	0.2892	0.2968	0.3063	0.3174	0.3287	0.3404	0.351	0.3548	0.3625	0.3703	0.3828	0.39	0.3989	0.4073	0.4192	0.4295	0.4362	0.4477	0.4628	0.4697	0.479	0.4817	0.4876	0.4914	0.4983	0.5055	0.5131	0.5158	0.525	0.5382	0.5469	0.5555	0.5603	0.5688	0.5777	0.5875	0.5931	0.6009	0.6145	0.6211	0.6294	0.6374	0.6463	0.6508	0.6599	0.6652	0.6758	0.6779	0.6826	0.688	0.6926	0.6965	0.7024	0.703	0.7078	0.7093	0.713	0.7159	0.7182	0.7203	0.7218	0.7233	0.7251	0.7275
B6	SYFP2-	0.1896	0.1882	0.1914	0.1939	0.197	0.1992	0.1992	0.2016	0.203	0.2056	0.2083	0.2119	0.2168	0.2218	0.2278	0.2353	0.2449	0.2558	0.2685	0.2796	0.2907	0.3018	0.3131	0.3257	0.3379	0.3499	0.3633	0.375	0.3884	0.3934	0.4013	0.4082	0.4231	0.4277	0.4406	0.4467	0.4615	0.4696	0.4827	0.4899	0.4983	0.5098	0.5219	0.5234	0.5302	0.5387	0.543	0.549	0.5571	0.5705	0.5736	0.5834	0.5924	0.6034	0.6123	0.6218	0.6305	0.6404	0.6544	0.6622	0.668	0.6875	0.6899	0.694	0.7015	0.7109	0.7182	0.7227	0.7308	0.7373	0.7411	0.7463	0.749	0.7533	0.7592	0.7625	0.766	0.7681	0.7704	0.7733	0.776	0.7782	0.7798	0.7832	0.7848
B7	WT+	0.1923	0.1912	0.1932	0.1951	0.1955	0.1965	0.199	0.2008	0.2022	0.204	0.2061	0.209	0.2123	0.2163	0.221	0.2266	0.2337	0.2418	0.2515	0.2623	0.2743	0.2864	0.2962	0.3048	0.3131	0.3219	0.331	0.3404	0.3511	0.3618	0.3728	0.3786	0.3902	0.402	0.4072	0.4162	0.4273	0.436	0.4471	0.4553	0.4657	0.471	0.4796	0.4839	0.4888	0.4938	0.4997	0.5058	0.5134	0.5195	0.5301	0.536	0.5442	0.5531	0.5598	0.5658	0.5724	0.582	0.5885	0.5987	0.6075	0.6108	0.6218	0.6263	0.6348	0.6407	0.6457	0.6522	0.6554	0.6608	0.6635	0.6684	0.6708	0.6731	0.6762	0.6791	0.6796	0.6822	0.6833	0.6847	0.6854	0.6871	0.6872	0.6873	0.6878
B8	dTom+	0.1947	0.194	0.1966	0.1985	0.2006	0.2025	0.2042	0.2066	0.2085	0.2109	0.214	0.2174	0.2223	0.2268	0.2326	0.241	0.2492	0.2605	0.2715	0.2822	0.2918	0.301	0.3106	0.321	0.33	0.3385	0.3444	0.3488	0.3548	0.3625	0.3722	0.3829	0.3953	0.4068	0.4192	0.4251	0.4371	0.4416	0.4539	0.4591	0.4625	0.4682	0.4744	0.476	0.4856	0.4891	0.4963	0.502	0.5051	0.5145	0.5198	0.5254	0.5298	0.5314	0.5439	0.5511	0.5547	0.564	0.5711	0.5725	0.5823	0.5876	0.5941	0.5999	0.6083	0.6134	0.6168	0.6245	0.6299	0.6298	0.6351	0.6451	0.647	0.6509	0.6534	0.6566	0.6596	0.6605	0.6625	0.6647	0.6671	0.6682	0.668	0.6711	0.6719
B9	dTom+	0.1959	0.1953	0.1981	0.2	0.2023	0.2036	0.2057	0.2078	0.2099	0.2124	0.2151	0.2195	0.2247	0.2317	0.2378	0.2458	0.2563	0.2688	0.2826	0.2928	0.3042	0.3154	0.3272	0.3392	0.3515	0.3631	0.3741	0.3835	0.3932	0.4038	0.4159	0.43	0.4431	0.4523	0.4625	0.4731	0.4849	0.4909	0.5	0.5063	0.5189	0.5224	0.5259	0.5294	0.5375	0.5378	0.5456	0.552	0.5605	0.567	0.5797	0.5843	0.5883	0.5996	0.6083	0.6131	0.622	0.6301	0.6299	0.6428	0.6489	0.6605	0.6679	0.6736	0.6811	0.6838	0.6927	0.7019	0.7092	0.7136	0.719	0.7248	0.7335	0.7351	0.7393	0.7468	0.7484	0.7542	0.7565	0.759	0.7625	0.7645	0.7653	0.7685	0.7699
B10	SYFP2+	0.1941	0.1932	0.1948	0.198	0.2003	0.202	0.2036	0.205	0.2068	0.2091	0.2123	0.2157	0.2205	0.2259	0.2316	0.2385	0.2465	0.2562	0.268	0.2805	0.2946	0.3074	0.3182	0.3305	0.342	0.3529	0.3646	0.3764	0.3895	0.4018	0.4106	0.4205	0.4281	0.4378	0.447	0.4541	0.4653	0.4723	0.4815	0.4929	0.5037	0.5161	0.5251	0.5318	0.5374	0.5432	0.5493	0.555	0.5595	0.5652	0.577	0.589	0.595	0.6035	0.6106	0.6211	0.6329	0.6424	0.6489	0.6599	0.6675	0.6782	0.6867	0.6912	0.7016	0.7082	0.7177	0.7247	0.732	0.7391	0.7441	0.7486	0.7554	0.7598	0.7651	0.7681	0.7717	0.7751	0.7779	0.7815	0.7838	0.7856	0.7862	0.7897	0.7916
B11	SYFP2+	0.1896	0.1891	0.1912	0.1922	0.1942	0.1964	0.1981	0.2004	0.202	0.2049	0.2088	0.2136	0.2197	0.2252	0.2322	0.2399	0.2486	0.2589	0.2692	0.2786	0.2876	0.2964	0.3049	0.3148	0.3243	0.3361	0.3444	0.3541	0.3638	0.3714	0.3809	0.3875	0.3988	0.4055	0.4186	0.4248	0.4355	0.4424	0.4563	0.4626	0.4798	0.4893	0.4989	0.5068	0.5122	0.5186	0.5223	0.531	0.538	0.5459	0.557	0.568	0.5709	0.5853	0.5949	0.604	0.614	0.6199	0.6312	0.6378	0.6454	0.6542	0.6643	0.6723	0.6886	0.6921	0.6982	0.708	0.7129	0.7245	0.7274	0.7388	0.7419	0.7525	0.7563	0.7598	0.7655	0.77	0.7733	0.7772	0.7807	0.7842	0.7849	0.7866	0.79
B12	Blank+	0.1423	0.1417	0.1422	0.1421	0.1429	0.1428	0.1427	0.1422	0.1425	0.1422	0.1426	0.1431	0.1444	0.1457	0.1471	0.1486	0.1504	0.1519	0.1537	0.155	0.1563	0.1577	0.1593	0.1597	0.1604	0.1614	0.1619	0.1627	0.1621	0.1628	0.1623	0.163	0.1624	0.1636	0.1633	0.1637	0.1634	0.1647	0.1656	0.1652	0.1657	0.1663	0.1667	0.1668	0.1665	0.1673	0.1676	0.1677	0.1682	0.1679	0.1683	0.1682	0.1686	0.1683	0.169	0.1684	0.1689	0.1688	0.1694	0.169	0.1698	0.1693	0.17	0.1698	0.1696	0.1708	0.1697	0.1703	0.1708	0.1705	0.1706	0.1711	0.1709	0.1707	0.1717	0.1709	0.1716	0.1717	0.1715	0.1714	0.1715	0.1718	0.1716	0.1719	0.1716
C1	Blank-	0.1404	0.1405	0.1408	0.1415	0.1418	0.1421	0.1422	0.1425	0.1422	0.1423	0.1421	0.1428	0.1433	0.1436	0.1443	0.1463	0.1474	0.1494	0.1515	0.1536	0.1536	0.1558	0.1579	0.1605	0.1624	0.1639	0.1651	0.1664	0.1673	0.1681	0.1693	0.17	0.1702	0.1714	0.1717	0.1728	0.1729	0.1737	0.1732	0.1738	0.1736	0.1744	0.174	0.1736	0.1724	0.1725	0.1724	0.1723	0.1729	0.1734	0.174	0.1747	0.1744	0.1748	0.1754	0.1754	0.1752	0.1761	0.1767	0.177	0.1775	0.1776	0.1774	0.1782	0.1785	0.1793	0.1795	0.1792	0.1786	0.1795	0.1799	0.1803	0.1805	0.1811	0.1814	0.1808	0.1811	0.1813	0.1815	0.1813	0.1821	0.1819	0.1822	0.1822	0.1821
C2	WT NI	0.1894	0.1894	0.1933	0.1972	0.2011	0.2039	0.2066	0.2094	0.2128	0.2173	0.2224	0.229	0.2368	0.2476	0.2596	0.2721	0.2845	0.2979	0.312	0.3259	0.3408	0.3559	0.3723	0.3885	0.4017	0.4128	0.4238	0.4344	0.4471	0.454	0.4671	0.477	0.4841	0.495	0.5054	0.5132	0.5279	0.5362	0.5451	0.5515	0.5567	0.5632	0.5726	0.5788	0.5868	0.5974	0.6059	0.6205	0.6276	0.6348	0.647	0.6509	0.6653	0.6717	0.6827	0.6907	0.7025	0.7138	0.7213	0.7264	0.7343	0.7421	0.7549	0.7574	0.7677	0.773	0.7762	0.7825	0.7892	0.7921	0.798	0.8023	0.8045	0.8081	0.8112	0.814	0.8178	0.8205	0.8222	0.8256	0.8278	0.8305	0.8314	0.8329	0.835
C3	WT-	0.1962	0.196	0.1995	0.2026	0.2061	0.2085	0.2112	0.215	0.2188	0.2239	0.2298	0.2388	0.2498	0.2633	0.2759	0.2883	0.3003	0.3126	0.3267	0.3395	0.3526	0.3632	0.3731	0.3819	0.3943	0.3999	0.4128	0.4235	0.4332	0.4413	0.4509	0.4616	0.4712	0.4847	0.5007	0.5069	0.5212	0.5332	0.5414	0.5462	0.5534	0.56	0.5672	0.576	0.5817	0.5937	0.5997	0.6083	0.6204	0.6276	0.6372	0.6475	0.6536	0.6623	0.6695	0.6821	0.6875	0.6959	0.7057	0.7148	0.7239	0.7305	0.7388	0.7471	0.7549	0.759	0.7661	0.7716	0.7776	0.7846	0.7854	0.794	0.7976	0.803	0.8058	0.8085	0.8116	0.8147	0.8163	0.8193	0.8219	0.8242	0.8255	0.827	0.8286
C4	dTom NI	0.1983	0.2026	0.2106	0.2155	0.218	0.2196	0.2201	0.2193	0.2191	0.219	0.2182	0.2193	0.2238	0.2279	0.234	0.2415	0.2503	0.2609	0.2735	0.284	0.2946	0.3052	0.3153	0.3277	0.3405	0.3536	0.3664	0.3791	0.3924	0.3987	0.4086	0.4142	0.4228	0.437	0.4483	0.459	0.4663	0.4786	0.4869	0.4984	0.5088	0.5185	0.5275	0.5324	0.5372	0.5425	0.5473	0.5607	0.5643	0.5733	0.5806	0.5926	0.5959	0.6032	0.6153	0.626	0.6341	0.6438	0.6497	0.6618	0.6725	0.6807	0.6875	0.6986	0.7058	0.7119	0.7235	0.7308	0.7377	0.7413	0.7486	0.7553	0.7584	0.7659	0.7699	0.7711	0.7767	0.7809	0.7809	0.7857	0.7879	0.7914	0.7948	0.7966	0.7988
C5	dTom-	0.1969	0.1952	0.1974	0.1999	0.2017	0.2035	0.2051	0.2069	0.2084	0.2107	0.2128	0.2157	0.2196	0.224	0.2291	0.2355	0.2424	0.2514	0.2629	0.2743	0.2844	0.2928	0.3022	0.3127	0.3231	0.3336	0.3443	0.3553	0.3693	0.375	0.3819	0.389	0.3988	0.4114	0.4184	0.4239	0.4351	0.4406	0.4526	0.4651	0.4706	0.4764	0.4842	0.4901	0.4936	0.4966	0.502	0.5091	0.512	0.5259	0.5296	0.5387	0.547	0.5532	0.5616	0.5706	0.5764	0.5833	0.5911	0.5968	0.6077	0.618	0.6276	0.6316	0.6386	0.6493	0.6531	0.6584	0.6653	0.6694	0.674	0.68	0.6854	0.6858	0.689	0.6915	0.6936	0.6969	0.6973	0.7006	0.703	0.704	0.7048	0.7067	0.7081
C6	SYFP2 NI	0.1909	0.1898	0.1926	0.1944	0.1963	0.198	0.199	0.2006	0.2022	0.2043	0.2067	0.2093	0.2129	0.2174	0.2227	0.2295	0.2377	0.2479	0.2608	0.2761	0.2912	0.3069	0.3213	0.3365	0.3516	0.3665	0.3811	0.3967	0.4108	0.4237	0.4346	0.4443	0.4522	0.46	0.467	0.4792	0.4901	0.4968	0.5034	0.5136	0.5231	0.5289	0.5339	0.5402	0.5462	0.5534	0.5599	0.5676	0.5722	0.5828	0.5895	0.6023	0.6058	0.6148	0.6276	0.6397	0.6462	0.6554	0.6636	0.6703	0.682	0.6866	0.698	0.7049	0.7136	0.7194	0.728	0.7318	0.7378	0.7437	0.7494	0.7547	0.7595	0.7653	0.7698	0.7726	0.777	0.7804	0.7836	0.7863	0.7896	0.7911	0.7943	0.7975	0.7989
C7	WT+	0.1917	0.1907	0.1925	0.1946	0.1959	0.1972	0.1983	0.1998	0.2011	0.2028	0.2047	0.2073	0.2102	0.2132	0.2176	0.2234	0.2293	0.2372	0.2464	0.2568	0.2694	0.2812	0.2916	0.3022	0.3109	0.3197	0.3287	0.3385	0.3499	0.3615	0.3744	0.3849	0.39	0.4	0.4032	0.4147	0.4256	0.4378	0.4438	0.457	0.4652	0.4732	0.4801	0.4842	0.4896	0.4936	0.4961	0.5036	0.5073	0.5131	0.5261	0.529	0.5408	0.5454	0.5544	0.566	0.5723	0.5778	0.5862	0.594	0.6032	0.6127	0.6172	0.6223	0.6281	0.6364	0.6415	0.6456	0.6513	0.6532	0.6556	0.6618	0.6656	0.6678	0.6703	0.6742	0.6755	0.6772	0.6791	0.6798	0.6822	0.683	0.6836	0.6848	0.6877
C8	WT+	0.1931	0.1919	0.1937	0.1955	0.1969	0.1986	0.1994	0.2007	0.202	0.2038	0.2054	0.2078	0.2107	0.2141	0.2187	0.2243	0.2303	0.2379	0.2469	0.2572	0.2695	0.2818	0.293	0.304	0.3138	0.3224	0.332	0.342	0.3534	0.3641	0.3775	0.3875	0.3932	0.399	0.4074	0.4201	0.4274	0.4403	0.4471	0.4572	0.4635	0.4732	0.4836	0.4895	0.4937	0.498	0.5029	0.5061	0.5123	0.5217	0.5312	0.5362	0.5452	0.552	0.5605	0.57	0.5793	0.5847	0.5935	0.6002	0.6076	0.6165	0.6234	0.6278	0.6373	0.6436	0.6479	0.6537	0.6596	0.6632	0.6689	0.6716	0.6748	0.6775	0.6809	0.6837	0.6862	0.6887	0.6907	0.6937	0.6958	0.695	0.6952	0.6968	0.699
C9	dTom+	0.1965	0.1946	0.1968	0.1994	0.2015	0.2026	0.2043	0.206	0.2077	0.2103	0.213	0.2173	0.2223	0.2276	0.2345	0.2429	0.2529	0.2644	0.2791	0.2932	0.3063	0.3182	0.3311	0.3436	0.357	0.3706	0.3843	0.3975	0.4098	0.4212	0.4339	0.4406	0.4512	0.452	0.4586	0.4674	0.4802	0.4883	0.4985	0.5083	0.5145	0.5223	0.5275	0.5328	0.538	0.5455	0.5495	0.561	0.5674	0.5755	0.5799	0.5874	0.6007	0.6038	0.6108	0.6187	0.6331	0.6398	0.6496	0.6546	0.6631	0.6709	0.6785	0.6902	0.6977	0.701	0.7066	0.7211	0.7245	0.7322	0.7361	0.7414	0.7486	0.7534	0.7582	0.7644	0.7686	0.7712	0.7753	0.7792	0.7822	0.7848	0.7881	0.7899	0.7939
C10	dTom+	0.1937	0.1923	0.1947	0.1973	0.1995	0.2018	0.2038	0.2059	0.2082	0.211	0.2143	0.2184	0.2235	0.2292	0.2362	0.2444	0.2543	0.2649	0.2764	0.2867	0.2987	0.3087	0.3196	0.3311	0.3426	0.3544	0.3645	0.3755	0.3833	0.3898	0.3975	0.4045	0.4184	0.4271	0.4372	0.4447	0.4569	0.4672	0.4753	0.4889	0.4975	0.5082	0.512	0.5193	0.5249	0.5317	0.5375	0.543	0.5517	0.5613	0.5721	0.5801	0.5899	0.5978	0.6046	0.615	0.6269	0.6341	0.6431	0.6516	0.6589	0.6715	0.6801	0.69	0.6967	0.7034	0.7113	0.7188	0.7233	0.7304	0.736	0.7405	0.745	0.7506	0.7546	0.7587	0.7612	0.7645	0.767	0.7703	0.7731	0.7757	0.7771	0.7781	0.7799
C11	SYFP2+	0.1942	0.1938	0.1962	0.1988	0.2006	0.2025	0.2043	0.2063	0.2083	0.2115	0.2151	0.2193	0.2247	0.2303	0.2372	0.2446	0.2537	0.2637	0.2735	0.2844	0.2939	0.3007	0.3094	0.3169	0.3234	0.3293	0.3361	0.3435	0.3514	0.36	0.3694	0.3806	0.3878	0.3992	0.4075	0.4215	0.4296	0.4417	0.4517	0.4635	0.4731	0.4856	0.4946	0.5059	0.5162	0.5216	0.5269	0.5318	0.5376	0.5439	0.5531	0.5616	0.5718	0.5818	0.5925	0.6017	0.6082	0.6211	0.6307	0.6393	0.6495	0.6611	0.6695	0.6798	0.6883	0.6971	0.7076	0.7135	0.722	0.7275	0.7327	0.7403	0.7466	0.7514	0.7565	0.7617	0.7647	0.769	0.7724	0.7754	0.7788	0.7815	0.7846	0.7876	0.7908
C12	Blank+	0.1421	0.1419	0.1422	0.1426	0.143	0.143	0.1431	0.143	0.143	0.1427	0.1427	0.1429	0.1427	0.1435	0.1443	0.144	0.1458	0.1476	0.1489	0.1489	0.1513	0.1534	0.1551	0.1552	0.1569	0.1578	0.1586	0.1595	0.16	0.1611	0.1617	0.1628	0.163	0.1642	0.1643	0.1648	0.1654	0.1654	0.1659	0.1663	0.1667	0.1668	0.1669	0.1673	0.1676	0.1677	0.1678	0.1684	0.1685	0.1684	0.1685	0.1691	0.1693	0.1692	0.1694	0.1695	0.1699	0.1703	0.1692	0.1704	0.1712	0.1708	0.1708	0.1704	0.1712	0.1715	0.1712	0.1706	0.171	0.1716	0.1719	0.1717	0.1722	0.1717	0.1717	0.1708	0.1716	0.1723	0.1718	0.1717	0.1716	0.1716	0.1716	0.1718	0.172
D1	Blank-	0.1402	0.1403	0.1406	0.1406	0.1413	0.1419	0.1419	0.1421	0.142	0.1419	0.1417	0.1417	0.1417	0.1423	0.1423	0.1439	0.1447	0.1459	0.1471	0.1479	0.1497	0.1514	0.1514	0.1526	0.1555	0.1568	0.1566	0.1588	0.1601	0.1617	0.1634	0.1649	0.1657	0.1667	0.1666	0.1673	0.1691	0.1709	0.1706	0.1712	0.1701	0.1711	0.1719	0.1722	0.1717	0.1727	0.1738	0.1752	0.1746	0.1744	0.1737	0.1724	0.1715	0.1711	0.1712	0.1713	0.1716	0.1719	0.1722	0.1726	0.1727	0.1731	0.1734	0.1759	0.1773	0.1776	0.1783	0.1786	0.1776	0.1789	0.1801	0.1801	0.1795	0.1804	0.1801	0.1801	0.1796	0.1796	0.1794	0.1799	0.1806	0.1808	0.1805	0.1808	0.1806
D2	SYFP2-	0.1872	0.1857	0.1885	0.1898	0.1914	0.1926	0.1938	0.1958	0.1978	0.2006	0.2033	0.2074	0.2118	0.2177	0.2242	0.2321	0.2408	0.2541	0.2675	0.2818	0.2958	0.3066	0.3175	0.329	0.3409	0.3532	0.366	0.3777	0.3882	0.3985	0.4091	0.4148	0.4239	0.4305	0.4394	0.4492	0.4562	0.4679	0.4768	0.4862	0.4949	0.4997	0.5063	0.5114	0.5172	0.5204	0.5263	0.534	0.5447	0.554	0.5609	0.5681	0.5833	0.585	0.5959	0.606	0.6164	0.6201	0.6333	0.6419	0.6494	0.6608	0.6656	0.6742	0.6791	0.6835	0.692	0.6984	0.7037	0.708	0.7135	0.7186	0.7213	0.7251	0.729	0.7314	0.7348	0.7383	0.742	0.7432	0.7449	0.747	0.7491	0.7514	0.7517
D3	WT NI	0.1915	0.1912	0.1949	0.1978	0.2002	0.2035	0.206	0.2094	0.213	0.2173	0.2228	0.2303	0.2387	0.2494	0.2623	0.2761	0.2867	0.2992	0.3122	0.3259	0.3406	0.3563	0.3712	0.3829	0.3958	0.4049	0.4135	0.4206	0.4322	0.4426	0.4555	0.4616	0.469	0.4854	0.4941	0.507	0.5176	0.5269	0.5369	0.5451	0.5508	0.5576	0.5611	0.5727	0.5813	0.5868	0.5919	0.6022	0.6157	0.6185	0.6327	0.6396	0.6484	0.6553	0.6651	0.6762	0.6825	0.6895	0.6981	0.7071	0.7132	0.7216	0.7305	0.7395	0.7466	0.7535	0.7593	0.7633	0.767	0.773	0.7775	0.7816	0.7855	0.791	0.7927	0.7974	0.8018	0.8045	0.8062	0.8095	0.8119	0.8127	0.816	0.8182	0.8202
D4	WT-	0.193	0.1932	0.1971	0.2006	0.2039	0.2073	0.2102	0.2133	0.2168	0.221	0.2261	0.2329	0.2406	0.2506	0.2625	0.2752	0.287	0.3001	0.3124	0.3262	0.3413	0.3558	0.3705	0.386	0.3954	0.4072	0.414	0.4303	0.4361	0.447	0.4569	0.4705	0.48	0.4917	0.5054	0.5104	0.528	0.5354	0.543	0.55	0.556	0.559	0.5695	0.5774	0.5849	0.5898	0.5971	0.609	0.6185	0.6282	0.6416	0.6463	0.654	0.6647	0.6701	0.6821	0.6884	0.7029	0.706	0.7162	0.721	0.7278	0.7365	0.7401	0.7452	0.7536	0.7551	0.7603	0.7661	0.7681	0.7737	0.7762	0.7792	0.7814	0.7844	0.7866	0.7901	0.7914	0.7935	0.7958	0.7964	0.7993	0.8027	0.8036	0.8054
D5	dTom NI	0.1954	0.1935	0.1957	0.1958	0.1979	0.1987	0.2002	0.2021	0.2038	0.2064	0.2092	0.2127	0.2173	0.2233	0.229	0.2374	0.2456	0.256	0.2681	0.2808	0.2943	0.3076	0.3206	0.3337	0.3461	0.3587	0.3703	0.385	0.3986	0.4106	0.4213	0.4323	0.4418	0.4531	0.4574	0.4673	0.474	0.482	0.4909	0.5072	0.5134	0.5209	0.5257	0.5298	0.5348	0.5405	0.5482	0.5568	0.5626	0.5731	0.579	0.5884	0.5971	0.6075	0.6089	0.6171	0.6274	0.6345	0.6467	0.6543	0.6606	0.6731	0.684	0.6899	0.698	0.705	0.7112	0.7178	0.7262	0.7321	0.7383	0.745	0.7486	0.7527	0.7577	0.7614	0.7667	0.7699	0.7733	0.7776	0.7792	0.7812	0.7843	0.7863	0.7875
D6	dTom-	0.1946	0.1936	0.1957	0.1983	0.1997	0.2015	0.203	0.2047	0.2062	0.2083	0.2103	0.2132	0.2166	0.2207	0.2263	0.2322	0.2396	0.2486	0.2594	0.2719	0.2864	0.2994	0.3113	0.324	0.3364	0.35	0.3632	0.3776	0.3925	0.4054	0.4175	0.4277	0.4344	0.4436	0.4559	0.4624	0.4787	0.4844	0.4976	0.5046	0.5121	0.5257	0.5287	0.538	0.5423	0.5509	0.5522	0.5623	0.5685	0.5762	0.5883	0.5948	0.6083	0.6136	0.6199	0.6281	0.6402	0.6519	0.6585	0.6664	0.6768	0.686	0.6925	0.7016	0.7067	0.7199	0.7228	0.7293	0.7326	0.7381	0.7467	0.7498	0.7563	0.7578	0.7614	0.7647	0.7688	0.7725	0.7737	0.7772	0.7803	0.782	0.7825	0.7851	0.7878
D7	SYFP2+	0.197	0.1959	0.1982	0.2001	0.202	0.2034	0.2051	0.2065	0.2084	0.2106	0.2128	0.2157	0.2194	0.2237	0.2292	0.2361	0.2431	0.2526	0.2628	0.2743	0.2865	0.297	0.3061	0.3161	0.3242	0.3344	0.3447	0.3545	0.3653	0.3755	0.3834	0.3918	0.4001	0.4087	0.4142	0.4204	0.4212	0.4312	0.4333	0.4415	0.4501	0.4563	0.4632	0.4709	0.4735	0.4799	0.4842	0.4904	0.4946	0.5016	0.5079	0.5116	0.5185	0.5242	0.5286	0.5421	0.5469	0.551	0.5564	0.5629	0.5718	0.5757	0.5826	0.5968	0.5992	0.6073	0.6141	0.6181	0.627	0.6308	0.6331	0.6387	0.6439	0.6475	0.653	0.6552	0.6574	0.6609	0.6631	0.6657	0.6687	0.6691	0.6704	0.6708	0.6732
D8	WT+	0.1918	0.1907	0.1924	0.1947	0.1958	0.1972	0.1981	0.199	0.2001	0.2018	0.2034	0.2059	0.2089	0.2119	0.2163	0.2219	0.2275	0.235	0.2431	0.2533	0.2643	0.2768	0.2888	0.2994	0.3097	0.3187	0.3284	0.3383	0.3491	0.359	0.3685	0.3759	0.3825	0.3902	0.3951	0.4067	0.417	0.4255	0.4315	0.4413	0.4521	0.458	0.4656	0.4734	0.4762	0.481	0.4842	0.4932	0.4961	0.5017	0.5099	0.519	0.5258	0.5314	0.5391	0.5495	0.5558	0.5676	0.5749	0.5833	0.5899	0.5962	0.6069	0.6124	0.617	0.624	0.63	0.6338	0.6391	0.643	0.6478	0.6508	0.6522	0.6562	0.6591	0.6617	0.6656	0.6664	0.6692	0.6711	0.6731	0.6735	0.6739	0.6768	0.6778
D9	WT+	0.1947	0.1926	0.1946	0.1965	0.1978	0.1985	0.1993	0.2007	0.2021	0.2034	0.2055	0.2084	0.2118	0.2158	0.2209	0.227	0.2329	0.2415	0.251	0.2609	0.2729	0.2853	0.294	0.3029	0.311	0.3197	0.3286	0.3361	0.3454	0.3551	0.3601	0.3705	0.3757	0.381	0.3922	0.3962	0.4057	0.4095	0.4207	0.4291	0.4415	0.4455	0.4579	0.4624	0.4667	0.4692	0.4778	0.4816	0.4893	0.4945	0.5027	0.5118	0.5159	0.5179	0.5259	0.5338	0.5442	0.5491	0.5554	0.558	0.5654	0.5774	0.584	0.5884	0.5952	0.6049	0.6096	0.6155	0.6247	0.629	0.6331	0.6389	0.642	0.6453	0.6496	0.6534	0.6562	0.6565	0.6598	0.6631	0.6644	0.6654	0.6689	0.67	0.6703
D10	dTom+	0.1951	0.1933	0.1957	0.1981	0.2003	0.2014	0.2032	0.2053	0.2075	0.2108	0.2142	0.2185	0.2247	0.2306	0.2388	0.2482	0.2574	0.27	0.2832	0.2942	0.3046	0.3152	0.3254	0.333	0.343	0.3504	0.3602	0.3691	0.3781	0.3853	0.3949	0.4027	0.411	0.4186	0.4242	0.436	0.4449	0.4541	0.4656	0.482	0.4885	0.496	0.5058	0.5094	0.5151	0.5208	0.5278	0.5345	0.543	0.551	0.5574	0.566	0.577	0.5837	0.596	0.6003	0.6081	0.6196	0.6294	0.6389	0.646	0.6534	0.6613	0.6705	0.6776	0.6867	0.6928	0.7003	0.7092	0.719	0.7238	0.7298	0.7375	0.7445	0.7467	0.7548	0.7592	0.7631	0.7667	0.7707	0.7738	0.777	0.7786	0.7813	0.7857
D11	dTom+	0.195	0.1942	0.1967	0.2003	0.2021	0.2043	0.2064	0.2092	0.2125	0.2167	0.2212	0.2263	0.2322	0.2388	0.2458	0.2567	0.2641	0.2712	0.2773	0.2846	0.2903	0.2965	0.302	0.3092	0.3176	0.3254	0.3343	0.3413	0.3497	0.3554	0.3691	0.3788	0.3906	0.4031	0.4126	0.4262	0.4347	0.4482	0.4581	0.4651	0.4793	0.4884	0.4989	0.5043	0.5106	0.5155	0.5214	0.529	0.5367	0.5484	0.5545	0.5606	0.5729	0.5824	0.591	0.6008	0.6096	0.6191	0.6271	0.6399	0.6499	0.66	0.6659	0.6791	0.6851	0.6913	0.7025	0.7088	0.7144	0.7225	0.7284	0.734	0.739	0.7428	0.7484	0.7542	0.7576	0.7602	0.7632	0.7669	0.7697	0.7719	0.7743	0.7767	0.7794
D12	Blank+	0.1403	0.1401	0.1404	0.1408	0.1415	0.1411	0.1414	0.1412	0.1414	0.1412	0.1412	0.1411	0.1413	0.1414	0.1414	0.1418	0.1433	0.1443	0.1453	0.1458	0.1474	0.1489	0.15	0.151	0.1515	0.1528	0.1556	0.1555	0.1557	0.1564	0.1576	0.1606	0.1608	0.1613	0.1634	0.1661	0.1673	0.1678	0.168	0.1682	0.169	0.1697	0.1704	0.171	0.17	0.1703	0.1701	0.1697	0.1694	0.169	0.1684	0.1677	0.1671	0.1662	0.1658	0.165	0.1651	0.1647	0.1646	0.1646	0.1646	0.1648	0.1648	0.165	0.165	0.1651	0.1649	0.1653	0.1649	0.1648	0.1651	0.1653	0.1654	0.1651	0.1653	0.1648	0.1651	0.1649	0.165	0.1648	0.1649	0.1649	0.1649	0.1647	0.1649
E1	Blank+	0.141	0.1414	0.1416	0.1418	0.1427	0.1432	0.1437	0.1438	0.1442	0.1448	0.145	0.1442	0.1442	0.1443	0.1442	0.146	0.1462	0.1475	0.1486	0.149	0.1494	0.1513	0.1524	0.1534	0.1554	0.1561	0.1581	0.1596	0.161	0.1611	0.163	0.1637	0.1648	0.1663	0.1675	0.1684	0.1695	0.1707	0.1717	0.1727	0.1727	0.1729	0.1742	0.1747	0.1745	0.1761	0.1765	0.1769	0.1781	0.1788	0.1792	0.1795	0.1798	0.1804	0.1811	0.1809	0.1815	0.1816	0.1821	0.1827	0.1823	0.1832	0.183	0.1836	0.1842	0.1838	0.1847	0.1845	0.1829	0.1839	0.1851	0.1854	0.1849	0.1858	0.186	0.1862	0.1861	0.1858	0.1853	0.1861	0.1862	0.1868	0.186	0.1863	0.1859
E2	SYFP2 NI	0.1904	0.1892	0.1915	0.1938	0.1959	0.1976	0.1995	0.2011	0.2037	0.206	0.2089	0.2125	0.2164	0.222	0.2288	0.2367	0.2464	0.258	0.2718	0.2847	0.2968	0.309	0.322	0.3344	0.3479	0.3613	0.3725	0.3847	0.3948	0.4066	0.4161	0.4262	0.4323	0.4442	0.4515	0.462	0.4715	0.489	0.4966	0.5056	0.5152	0.5245	0.531	0.5366	0.5432	0.5505	0.5559	0.5642	0.5738	0.5852	0.5948	0.6012	0.6108	0.6192	0.6279	0.6386	0.6475	0.6571	0.6711	0.6778	0.6866	0.695	0.7033	0.7099	0.7217	0.7279	0.7342	0.7404	0.7459	0.7505	0.7556	0.7608	0.7664	0.7702	0.7731	0.7768	0.7797	0.7828	0.7863	0.7886	0.792	0.7943	0.797	0.7986	0.8006
E3	SYFP2-	0.1888	0.1881	0.1906	0.1927	0.1943	0.1965	0.198	0.1993	0.2015	0.2032	0.2056	0.2092	0.2134	0.2184	0.2243	0.2309	0.2401	0.2522	0.2656	0.281	0.294	0.3063	0.3185	0.3319	0.3439	0.3561	0.3659	0.3791	0.3833	0.3905	0.4036	0.4144	0.4204	0.4335	0.4433	0.4545	0.4622	0.4734	0.4863	0.4971	0.5072	0.5125	0.5223	0.5273	0.5346	0.5394	0.5437	0.5551	0.5635	0.573	0.5847	0.5922	0.6031	0.6149	0.6197	0.6342	0.6429	0.6524	0.6617	0.6706	0.6797	0.6881	0.6959	0.7053	0.711	0.7215	0.724	0.731	0.7365	0.7403	0.7469	0.7519	0.7554	0.7588	0.7631	0.7671	0.7689	0.7715	0.7752	0.7774	0.7792	0.7805	0.7827	0.7855	0.7881
E4	WT NI	0.1901	0.1903	0.194	0.1977	0.2003	0.2033	0.2059	0.2091	0.2121	0.2158	0.2205	0.2266	0.2337	0.2427	0.2543	0.2677	0.2787	0.2898	0.3015	0.313	0.3264	0.3406	0.3546	0.3692	0.3782	0.3893	0.3984	0.4098	0.4154	0.432	0.4427	0.4559	0.4641	0.477	0.4882	0.5041	0.5135	0.5218	0.5295	0.5399	0.5452	0.5517	0.5585	0.5638	0.5712	0.5772	0.5878	0.5958	0.6046	0.6131	0.6212	0.6313	0.6408	0.6529	0.6595	0.6687	0.6798	0.6882	0.696	0.7034	0.7104	0.7148	0.7241	0.7307	0.7372	0.7449	0.7471	0.752	0.756	0.761	0.7646	0.7686	0.7722	0.7749	0.7795	0.7815	0.7856	0.7866	0.7897	0.7913	0.7947	0.796	0.7974	0.8003	0.8021
E5	WT-	0.1925	0.1924	0.1957	0.197	0.2012	0.2031	0.2044	0.2071	0.2109	0.2157	0.2219	0.2309	0.2415	0.2528	0.2663	0.2801	0.2908	0.3022	0.3143	0.3274	0.3418	0.355	0.3662	0.3773	0.3882	0.3962	0.4046	0.4107	0.4201	0.4308	0.4423	0.4556	0.4624	0.4714	0.4851	0.4969	0.5039	0.5152	0.5229	0.5289	0.5356	0.5424	0.5507	0.5605	0.5659	0.5729	0.5799	0.5882	0.5959	0.606	0.6118	0.6226	0.6304	0.6404	0.6501	0.6586	0.6714	0.6777	0.6866	0.6957	0.7009	0.7048	0.7132	0.7213	0.7298	0.7329	0.74	0.7452	0.75	0.7559	0.7585	0.7622	0.7656	0.7695	0.773	0.7764	0.7784	0.7805	0.7829	0.7863	0.7883	0.7897	0.7918	0.794	0.7958
E6	dTom NI	0.1986	0.1971	0.1998	0.2013	0.202	0.2037	0.2046	0.2053	0.2074	0.2097	0.2125	0.2162	0.2201	0.2262	0.2309	0.2376	0.2465	0.2573	0.268	0.2802	0.2934	0.3046	0.3166	0.3274	0.3385	0.3512	0.363	0.373	0.3817	0.3894	0.4012	0.4093	0.4138	0.4255	0.4329	0.4422	0.4507	0.4591	0.4681	0.4799	0.4871	0.4966	0.5066	0.5143	0.5187	0.5226	0.5267	0.5343	0.5434	0.55	0.5588	0.565	0.5699	0.5781	0.5857	0.5939	0.6017	0.61	0.6181	0.6262	0.6339	0.6416	0.6542	0.6625	0.669	0.6763	0.6844	0.6925	0.7016	0.7094	0.7144	0.7195	0.7255	0.7305	0.738	0.7433	0.7475	0.752	0.7565	0.7595	0.7643	0.7673	0.7698	0.7727	0.7745
E7	SYFP2+	0.1925	0.1919	0.1941	0.1968	0.198	0.1999	0.2015	0.2032	0.2054	0.2071	0.2095	0.2131	0.2165	0.2209	0.2261	0.2325	0.239	0.2472	0.2569	0.2672	0.2796	0.2899	0.2994	0.3068	0.3147	0.3234	0.3304	0.3392	0.3472	0.3527	0.3587	0.3666	0.371	0.3796	0.3878	0.3978	0.403	0.4131	0.4238	0.4296	0.4372	0.4501	0.4561	0.4603	0.4646	0.4678	0.4722	0.4759	0.4803	0.4859	0.4974	0.5037	0.5082	0.5182	0.5204	0.5348	0.5373	0.5493	0.5545	0.5615	0.5734	0.5788	0.583	0.5918	0.5937	0.6027	0.6068	0.615	0.6188	0.6228	0.626	0.6292	0.6327	0.6345	0.6375	0.641	0.6426	0.6446	0.6455	0.6488	0.6502	0.6508	0.6512	0.6514	0.6528
E8	SYFP2+	0.1958	0.1945	0.1966	0.1988	0.2006	0.2021	0.2033	0.2048	0.2064	0.2083	0.2106	0.2144	0.2175	0.2222	0.2274	0.2339	0.2409	0.2493	0.2598	0.2699	0.2811	0.2903	0.2996	0.3061	0.3144	0.321	0.3278	0.3349	0.3418	0.3474	0.3544	0.3597	0.3639	0.3723	0.3799	0.3845	0.3917	0.399	0.4068	0.4175	0.425	0.4331	0.4381	0.4475	0.4526	0.4566	0.4588	0.4644	0.4686	0.4737	0.4827	0.4901	0.4959	0.499	0.5072	0.512	0.5217	0.5273	0.5361	0.5415	0.5469	0.5547	0.5601	0.5687	0.5744	0.5839	0.5874	0.5916	0.5984	0.6053	0.6081	0.6147	0.6204	0.6228	0.6279	0.6302	0.6331	0.635	0.638	0.638	0.6402	0.6409	0.6422	0.6448	0.6471
E9	WT+	0.1914	0.1903	0.1921	0.1947	0.1968	0.1985	0.1985	0.1994	0.2008	0.203	0.2052	0.2084	0.2117	0.2158	0.2208	0.2267	0.2336	0.2414	0.2502	0.2606	0.2712	0.2809	0.288	0.2957	0.3027	0.3111	0.318	0.3253	0.3285	0.3366	0.3403	0.3474	0.3553	0.3628	0.375	0.3845	0.3933	0.4035	0.4101	0.4224	0.4341	0.4401	0.4504	0.4612	0.4655	0.4711	0.4729	0.4794	0.4825	0.4887	0.5006	0.5025	0.5116	0.5204	0.527	0.5367	0.5432	0.5502	0.5642	0.5684	0.5778	0.5879	0.597	0.6011	0.6063	0.6154	0.6234	0.6291	0.632	0.6384	0.6429	0.6451	0.649	0.6521	0.655	0.6588	0.6615	0.6645	0.6654	0.6689	0.6701	0.6721	0.6731	0.6737	0.6751
E10	WT+	0.1931	0.1912	0.1932	0.196	0.1972	0.1985	0.199	0.2009	0.2032	0.2053	0.2088	0.2128	0.2175	0.2233	0.2299	0.237	0.2443	0.2538	0.2627	0.2725	0.2809	0.286	0.2946	0.3029	0.3107	0.3194	0.3278	0.3358	0.3422	0.3517	0.3622	0.3732	0.3788	0.3878	0.399	0.4082	0.4183	0.4255	0.4362	0.4472	0.4564	0.467	0.4783	0.4888	0.4997	0.5083	0.5164	0.5222	0.5306	0.5362	0.5468	0.5566	0.5646	0.5702	0.5803	0.5897	0.5971	0.6089	0.6198	0.6275	0.6358	0.6465	0.6572	0.6647	0.6728	0.6832	0.6917	0.6977	0.7052	0.7134	0.7189	0.7246	0.732	0.7378	0.7436	0.7486	0.7534	0.7569	0.7617	0.765	0.7692	0.772	0.7755	0.7778	0.7818
E11	dTom+	0.1976	0.1969	0.1988	0.2021	0.2047	0.2076	0.2105	0.2136	0.2173	0.2214	0.2254	0.2292	0.2344	0.2404	0.2472	0.2535	0.2588	0.2648	0.2701	0.2767	0.2829	0.2892	0.2961	0.3031	0.3104	0.3178	0.3255	0.332	0.3393	0.3486	0.3563	0.3623	0.3711	0.3864	0.3966	0.407	0.4214	0.4268	0.4405	0.4535	0.4651	0.4745	0.4863	0.4927	0.5032	0.5091	0.5154	0.5206	0.526	0.5339	0.5437	0.5543	0.5645	0.5742	0.5808	0.5898	0.6014	0.605	0.621	0.6274	0.6368	0.6488	0.658	0.6691	0.6766	0.6872	0.6931	0.7011	0.7069	0.7195	0.7264	0.7299	0.7372	0.7439	0.747	0.7514	0.7559	0.7601	0.7632	0.767	0.7692	0.7732	0.7766	0.7799	0.7823
E12	Blank-	0.1403	0.14	0.1403	0.1407	0.141	0.1415	0.1415	0.1416	0.1415	0.1415	0.1415	0.1417	0.1422	0.1427	0.1433	0.1447	0.1451	0.1459	0.1478	0.1494	0.1508	0.152	0.1525	0.1535	0.1545	0.1557	0.1573	0.1581	0.1591	0.1596	0.1613	0.1618	0.1629	0.1638	0.1642	0.165	0.1647	0.1651	0.1642	0.1637	0.1631	0.162	0.1614	0.1609	0.1604	0.16	0.1598	0.1601	0.16	0.1599	0.16	0.1601	0.1599	0.1601	0.16	0.1603	0.1602	0.1604	0.1605	0.1604	0.1606	0.1606	0.1607	0.1607	0.1608	0.1607	0.1607	0.1608	0.1607	0.1608	0.1608	0.161	0.1608	0.161	0.1609	0.1609	0.1609	0.1609	0.1611	0.1609	0.1608	0.161	0.1609	0.1609	0.161
F1	Blank+	0.1416	0.1416	0.1422	0.1427	0.1429	0.1437	0.1446	0.1449	0.1446	0.143	0.1421	0.1415	0.1411	0.1408	0.1409	0.1414	0.1415	0.1422	0.1425	0.1431	0.1433	0.144	0.1441	0.1448	0.1458	0.1463	0.1472	0.149	0.1507	0.1512	0.1522	0.1532	0.1545	0.1559	0.1584	0.1611	0.1636	0.166	0.1678	0.169	0.1689	0.1695	0.1702	0.1705	0.1702	0.1713	0.1716	0.1718	0.1724	0.1727	0.1729	0.1733	0.1734	0.1737	0.1742	0.1741	0.1746	0.1748	0.175	0.1753	0.1753	0.1757	0.1757	0.1763	0.1765	0.1765	0.1769	0.1769	0.176	0.1766	0.1774	0.1774	0.1775	0.1781	0.1782	0.1783	0.1785	0.1787	0.1786	0.1788	0.1792	0.1794	0.1792	0.1796	0.1794
F2	dTom-	0.1983	0.1973	0.2001	0.2032	0.2052	0.2059	0.2071	0.2093	0.2118	0.2154	0.2191	0.2234	0.2292	0.2351	0.2426	0.2512	0.2611	0.2717	0.2824	0.2936	0.3041	0.3132	0.3231	0.3321	0.341	0.3495	0.3552	0.3642	0.3729	0.379	0.3926	0.4041	0.4134	0.4244	0.4325	0.4435	0.4552	0.4655	0.478	0.4857	0.5002	0.5067	0.519	0.5222	0.5278	0.5334	0.5404	0.5477	0.5564	0.5647	0.5745	0.5814	0.5918	0.6015	0.6091	0.6233	0.6323	0.6402	0.6508	0.6611	0.6713	0.679	0.6899	0.6965	0.7059	0.7123	0.7233	0.7312	0.7363	0.7433	0.7488	0.7548	0.758	0.7641	0.7695	0.7731	0.7771	0.7808	0.7845	0.7872	0.7904	0.7917	0.7952	0.797	0.7999
F3	SYFP2 NI	0.1904	0.1899	0.1927	0.1958	0.1983	0.1994	0.2008	0.2033	0.2062	0.2095	0.2135	0.2188	0.2254	0.2326	0.2415	0.2509	0.2615	0.2726	0.2829	0.2924	0.3013	0.311	0.3186	0.3276	0.3344	0.3434	0.3504	0.3574	0.3682	0.3795	0.3925	0.4033	0.4177	0.4254	0.4341	0.4459	0.4604	0.472	0.4841	0.4938	0.4982	0.5144	0.5203	0.5275	0.5335	0.5383	0.5445	0.552	0.564	0.5728	0.5822	0.5935	0.6072	0.6148	0.6206	0.6374	0.6468	0.6552	0.6669	0.6741	0.686	0.6956	0.7042	0.7118	0.7226	0.7273	0.7334	0.7425	0.749	0.7561	0.7605	0.7647	0.7702	0.7735	0.779	0.7823	0.7862	0.789	0.7929	0.7959	0.7996	0.8023	0.8044	0.8061	0.8095
F4	SYFP2-	0.1889	0.1883	0.1912	0.1937	0.1961	0.1966	0.1983	0.2005	0.2025	0.205	0.2086	0.213	0.2181	0.2243	0.2318	0.2407	0.2504	0.2617	0.2735	0.2848	0.2945	0.3023	0.3115	0.3212	0.3307	0.3377	0.3458	0.3503	0.3602	0.3658	0.3757	0.3898	0.3982	0.4155	0.4242	0.4358	0.4431	0.4537	0.46	0.4765	0.4897	0.4995	0.5035	0.5063	0.5144	0.5224	0.5253	0.538	0.5434	0.5559	0.5621	0.5722	0.5791	0.5925	0.6007	0.6123	0.6217	0.6319	0.6443	0.6509	0.6596	0.6721	0.6766	0.6846	0.6911	0.6981	0.7062	0.7124	0.7184	0.7221	0.7264	0.73	0.7344	0.7376	0.742	0.7453	0.7489	0.7517	0.7543	0.7581	0.7607	0.7623	0.7639	0.7659	0.7686
F5	WT NI	0.1908	0.1912	0.1948	0.1989	0.2026	0.2064	0.2098	0.2136	0.2175	0.2228	0.2296	0.2375	0.2456	0.2535	0.2594	0.2657	0.2727	0.2804	0.2881	0.2976	0.3057	0.3117	0.3225	0.3268	0.3351	0.3482	0.3589	0.3699	0.3808	0.3972	0.4069	0.4207	0.4286	0.4436	0.4562	0.4629	0.4763	0.4904	0.4963	0.5083	0.5167	0.5219	0.5287	0.5323	0.5388	0.5461	0.5554	0.5676	0.5738	0.5829	0.5932	0.6043	0.6141	0.6206	0.6309	0.6381	0.6495	0.662	0.6652	0.6742	0.6805	0.6904	0.6959	0.703	0.7084	0.713	0.7182	0.7236	0.7272	0.7303	0.7361	0.7397	0.7427	0.7458	0.7488	0.7519	0.7548	0.7571	0.7595	0.7629	0.7644	0.7667	0.7693	0.7714	0.7744
F6	WT-	0.194	0.1938	0.1979	0.202	0.2052	0.2096	0.2129	0.2156	0.2196	0.2248	0.2318	0.2401	0.2495	0.2611	0.2724	0.2821	0.2915	0.3003	0.3093	0.3207	0.3299	0.3368	0.3488	0.3566	0.3673	0.3753	0.3867	0.3949	0.404	0.4137	0.4257	0.4355	0.4455	0.4548	0.4694	0.4803	0.4913	0.4999	0.5113	0.517	0.5222	0.5273	0.5347	0.5439	0.5487	0.5568	0.565	0.5731	0.5814	0.5899	0.6003	0.6094	0.6212	0.6317	0.637	0.6474	0.6551	0.665	0.6763	0.6823	0.6877	0.6965	0.7039	0.7114	0.719	0.7229	0.7283	0.7327	0.7375	0.7415	0.7445	0.7494	0.7528	0.7569	0.7606	0.7627	0.7655	0.7684	0.7716	0.7746	0.7772	0.7785	0.7807	0.7829	0.7852
F7	dTom+	0.1929	0.1925	0.195	0.1981	0.2009	0.204	0.2058	0.2089	0.211	0.2155	0.2203	0.2254	0.2295	0.2351	0.2415	0.2475	0.2531	0.2589	0.2644	0.2706	0.277	0.2826	0.2887	0.2952	0.3021	0.3087	0.3161	0.3226	0.334	0.3379	0.3441	0.3582	0.3672	0.3834	0.3931	0.397	0.4068	0.422	0.4352	0.4424	0.4489	0.4605	0.4666	0.4707	0.4766	0.4825	0.4864	0.4974	0.5009	0.5098	0.5167	0.5299	0.5376	0.5447	0.5553	0.5624	0.5725	0.5788	0.5881	0.5972	0.6061	0.6132	0.625	0.631	0.6356	0.6466	0.6525	0.6578	0.6638	0.6676	0.6721	0.6765	0.6791	0.683	0.6858	0.6881	0.6912	0.6938	0.696	0.6992	0.702	0.7029	0.7045	0.7062	0.7088
F8	SYFP2+	0.1964	0.1959	0.198	0.2015	0.2042	0.2072	0.2093	0.2119	0.2146	0.2177	0.2204	0.2242	0.2287	0.2329	0.2381	0.2441	0.2496	0.2553	0.2611	0.2675	0.2738	0.2806	0.2873	0.2946	0.3011	0.3084	0.316	0.3229	0.3311	0.3376	0.3444	0.35	0.357	0.3693	0.3769	0.3915	0.4106	0.4172	0.429	0.439	0.4547	0.4624	0.4787	0.4881	0.5013	0.507	0.5126	0.5173	0.5243	0.5297	0.539	0.5464	0.5572	0.5669	0.5788	0.5851	0.6002	0.609	0.6147	0.6281	0.6349	0.6509	0.6548	0.6688	0.6744	0.6857	0.695	0.701	0.7107	0.7136	0.7218	0.7288	0.7313	0.7379	0.7427	0.7463	0.7499	0.7538	0.7579	0.7613	0.7652	0.7674	0.7705	0.7734	0.7765
F9	SYFP2+	0.1973	0.1964	0.1976	0.2014	0.2034	0.2046	0.2073	0.2104	0.2135	0.2167	0.2208	0.2246	0.2278	0.2319	0.2367	0.2416	0.2477	0.2543	0.2601	0.2668	0.2727	0.2804	0.2874	0.2945	0.3028	0.3103	0.3187	0.3263	0.3357	0.3449	0.3547	0.3664	0.3748	0.3867	0.3939	0.4034	0.415	0.4224	0.4302	0.4449	0.4574	0.4655	0.4782	0.4855	0.4964	0.5049	0.5093	0.517	0.5227	0.5321	0.5399	0.5492	0.558	0.5668	0.5751	0.5819	0.5925	0.6015	0.6127	0.6227	0.631	0.6396	0.6545	0.6647	0.67	0.6801	0.688	0.6932	0.7015	0.712	0.7164	0.7224	0.7292	0.7345	0.7409	0.7459	0.7529	0.7567	0.7627	0.7651	0.7684	0.7712	0.7751	0.7801	0.7809
F10	WT+	0.1927	0.1918	0.1939	0.1966	0.1988	0.2012	0.2028	0.2049	0.2071	0.2097	0.212	0.215	0.219	0.223	0.2273	0.2327	0.2383	0.2443	0.2493	0.2552	0.2611	0.2675	0.2736	0.2803	0.2868	0.294	0.3009	0.3077	0.3153	0.3221	0.3301	0.3376	0.3451	0.353	0.3655	0.3738	0.3858	0.3956	0.4062	0.4152	0.4301	0.4467	0.4541	0.4676	0.4827	0.4919	0.5007	0.5071	0.5146	0.5182	0.5291	0.5349	0.5494	0.557	0.5651	0.5792	0.5834	0.5986	0.6052	0.6168	0.6249	0.6392	0.646	0.6569	0.6665	0.6757	0.6865	0.6903	0.7022	0.7084	0.7151	0.7199	0.7244	0.7289	0.7327	0.7377	0.7421	0.746	0.7487	0.7526	0.7561	0.7593	0.7624	0.7648	0.7679
F11	WT+	0.1926	0.1907	0.1935	0.1957	0.198	0.2004	0.2022	0.2044	0.2063	0.2087	0.2108	0.2141	0.2176	0.2211	0.2256	0.2309	0.2363	0.2423	0.2477	0.2535	0.2596	0.2658	0.2722	0.2792	0.286	0.293	0.3002	0.3075	0.3148	0.3221	0.3296	0.3369	0.3424	0.3487	0.3556	0.371	0.3848	0.397	0.4069	0.4189	0.428	0.4396	0.4528	0.4648	0.4763	0.4904	0.4989	0.5087	0.5122	0.5219	0.5298	0.5358	0.5421	0.5529	0.5648	0.5765	0.5881	0.5965	0.6072	0.6156	0.6254	0.6349	0.6493	0.6563	0.6669	0.6759	0.6829	0.6932	0.7027	0.7072	0.7163	0.7237	0.7294	0.7339	0.7379	0.7427	0.7472	0.7496	0.7536	0.7572	0.7601	0.763	0.7661	0.7696	0.7714
F12	Blank-	0.1408	0.1403	0.1405	0.1408	0.1411	0.1414	0.1411	0.1413	0.1412	0.1412	0.1409	0.1407	0.1406	0.1403	0.1404	0.1402	0.1404	0.1405	0.1406	0.1412	0.1423	0.143	0.145	0.1457	0.1479	0.1478	0.1503	0.1518	0.1536	0.1561	0.1576	0.1582	0.1602	0.1622	0.1634	0.1642	0.1639	0.1638	0.1637	0.1636	0.1646	0.1645	0.1641	0.1645	0.1641	0.1637	0.1632	0.1626	0.1621	0.1608	0.1613	0.1613	0.1619	0.1619	0.1622	0.1616	0.1624	0.1622	0.1623	0.1622	0.1623	0.1625	0.1621	0.162	0.1619	0.1619	0.1618	0.1616	0.1619	0.1616	0.1615	0.1612	0.1614	0.1612	0.1611	0.1609	0.1613	0.1612	0.1611	0.161	0.1609	0.1609	0.161	0.1608	0.161
G1	Blank+	0.14	0.1399	0.1404	0.141	0.1418	0.1425	0.143	0.1435	0.1444	0.1444	0.1449	0.1452	0.1458	0.1461	0.1464	0.1471	0.1477	0.1488	0.1502	0.1506	0.1522	0.1532	0.1543	0.1556	0.1562	0.1567	0.1577	0.1584	0.1587	0.1589	0.1594	0.1597	0.16	0.1604	0.1607	0.1614	0.1616	0.1618	0.1619	0.1622	0.1619	0.1626	0.1627	0.1628	0.1628	0.1635	0.1631	0.1636	0.1638	0.1637	0.164	0.1638	0.1643	0.1644	0.1647	0.1645	0.1648	0.165	0.165	0.1653	0.1651	0.1654	0.1657	0.1658	0.1658	0.1657	0.1658	0.1657	0.1652	0.1659	0.1663	0.1661	0.1661	0.1666	0.1663	0.1662	0.1665	0.1666	0.1666	0.1669	0.167	0.1671	0.1669	0.1674	0.1675
G2	dTom NI	0.1955	0.1967	0.1994	0.2004	0.2025	0.2044	0.2072	0.2099	0.2128	0.2162	0.2204	0.2251	0.23	0.235	0.2412	0.2476	0.2533	0.2595	0.2659	0.2732	0.2805	0.2888	0.2965	0.3051	0.3128	0.3216	0.3308	0.3393	0.3474	0.3582	0.3709	0.3775	0.3876	0.3954	0.4079	0.4214	0.4295	0.4401	0.4497	0.4628	0.4775	0.4867	0.4978	0.508	0.5136	0.5199	0.5257	0.533	0.541	0.5485	0.5577	0.5665	0.5766	0.5844	0.5926	0.6041	0.6145	0.6237	0.6349	0.6455	0.6549	0.6643	0.674	0.6848	0.6914	0.7025	0.7118	0.7219	0.7299	0.7373	0.7461	0.7531	0.7595	0.7662	0.7724	0.7786	0.7835	0.7864	0.7923	0.7957	0.8001	0.8034	0.8061	0.8086	0.8118
G3	dTom-	0.1961	0.1973	0.1996	0.2017	0.2041	0.2055	0.2076	0.2108	0.2145	0.2178	0.222	0.2268	0.2324	0.2375	0.2435	0.2494	0.2549	0.2607	0.2668	0.2743	0.2812	0.2886	0.2968	0.3053	0.3133	0.3208	0.3292	0.3377	0.3453	0.3547	0.3647	0.3767	0.3886	0.3957	0.4088	0.4164	0.4288	0.4381	0.4501	0.464	0.4718	0.4849	0.4983	0.5046	0.5107	0.5169	0.5251	0.5328	0.5407	0.5499	0.5586	0.5694	0.5779	0.5863	0.5979	0.6067	0.6184	0.627	0.6363	0.6466	0.6547	0.662	0.6712	0.6829	0.6903	0.6989	0.7112	0.718	0.7286	0.7353	0.7409	0.7478	0.7528	0.7591	0.764	0.7684	0.7738	0.7767	0.7804	0.7835	0.7879	0.7907	0.7931	0.7956	0.7986
G4	SYFP2 NI	0.1892	0.1885	0.1913	0.1942	0.1969	0.1995	0.2021	0.2047	0.2076	0.2107	0.214	0.218	0.2229	0.228	0.234	0.2406	0.2463	0.2521	0.2585	0.2659	0.2733	0.2811	0.2888	0.297	0.3047	0.3128	0.3202	0.3272	0.3331	0.3401	0.3529	0.364	0.379	0.3874	0.3982	0.4088	0.4179	0.4269	0.4416	0.4522	0.466	0.4776	0.4862	0.4937	0.5001	0.5075	0.5162	0.5249	0.5325	0.5429	0.5498	0.558	0.5712	0.5772	0.5881	0.6023	0.6129	0.6235	0.6334	0.6426	0.6525	0.662	0.6728	0.6802	0.6882	0.6956	0.7058	0.712	0.7198	0.7251	0.7333	0.7371	0.7414	0.7459	0.7502	0.7548	0.759	0.7631	0.7648	0.7675	0.7706	0.7727	0.775	0.7783	0.7811
G5	SYFP2-	0.1904	0.1895	0.1924	0.1955	0.1977	0.1999	0.2021	0.2043	0.2067	0.2092	0.2122	0.2159	0.2199	0.2242	0.2295	0.2354	0.2404	0.2455	0.2514	0.2576	0.2637	0.2705	0.2765	0.2835	0.2899	0.2968	0.3034	0.3099	0.3167	0.318	0.3302	0.3372	0.3475	0.369	0.3738	0.3876	0.398	0.4067	0.4206	0.432	0.4424	0.4555	0.4633	0.4683	0.4779	0.483	0.4877	0.495	0.5036	0.5117	0.516	0.5295	0.5402	0.5472	0.554	0.5641	0.5781	0.5834	0.5906	0.6032	0.6104	0.6186	0.6325	0.6357	0.6456	0.65	0.6569	0.6631	0.6687	0.6738	0.6768	0.682	0.6852	0.689	0.6914	0.6942	0.6974	0.7	0.7027	0.7056	0.7083	0.7104	0.7119	0.713	0.716
G6	WT NI	0.1882	0.1888	0.1926	0.1966	0.2006	0.2043	0.2077	0.2113	0.2156	0.2199	0.2252	0.2315	0.2387	0.245	0.252	0.2593	0.2669	0.2742	0.2816	0.29	0.2975	0.3061	0.3137	0.3213	0.3305	0.3391	0.3446	0.3534	0.3683	0.3735	0.3906	0.4009	0.4149	0.4226	0.4388	0.4518	0.4652	0.4717	0.4818	0.4949	0.5001	0.5123	0.5191	0.5266	0.535	0.5383	0.5487	0.5591	0.5706	0.5807	0.5916	0.5978	0.6081	0.6187	0.6284	0.6358	0.648	0.6564	0.6629	0.6722	0.681	0.6909	0.6962	0.703	0.7086	0.7115	0.7182	0.7226	0.7266	0.7305	0.7346	0.7379	0.7403	0.743	0.7463	0.7485	0.7517	0.7544	0.756	0.7587	0.7617	0.7624	0.7636	0.7659	0.7684
G7	dTom+	0.1958	0.1962	0.1988	0.2012	0.2029	0.2063	0.2096	0.2128	0.2168	0.2205	0.2251	0.2305	0.2359	0.2417	0.248	0.2539	0.2597	0.2661	0.2726	0.2804	0.2877	0.2952	0.3028	0.3104	0.3172	0.3244	0.3317	0.339	0.3472	0.3553	0.3645	0.3702	0.3813	0.3911	0.401	0.4116	0.4202	0.4338	0.4447	0.4586	0.4678	0.4781	0.488	0.4975	0.5034	0.5091	0.5174	0.5251	0.5308	0.5381	0.5472	0.5549	0.5665	0.5748	0.584	0.5956	0.6028	0.6138	0.6238	0.6328	0.6418	0.6495	0.6592	0.6727	0.6804	0.6883	0.6975	0.7023	0.7115	0.7176	0.7256	0.7326	0.7379	0.7444	0.7497	0.7533	0.7577	0.7604	0.7646	0.7666	0.7699	0.7717	0.7739	0.7754	0.778
G8	dTom+	0.1951	0.1953	0.1977	0.1992	0.202	0.2057	0.2087	0.2125	0.2166	0.2206	0.225	0.2297	0.235	0.2406	0.2468	0.2523	0.2583	0.2641	0.2703	0.2778	0.2846	0.2914	0.2987	0.3062	0.3128	0.3207	0.3284	0.3358	0.3441	0.3518	0.3576	0.3654	0.3787	0.3898	0.3955	0.407	0.4187	0.4296	0.4411	0.4484	0.4597	0.4726	0.484	0.4934	0.4992	0.5076	0.515	0.519	0.5282	0.5385	0.5456	0.5533	0.562	0.5713	0.5807	0.5891	0.5988	0.6138	0.6196	0.6328	0.6363	0.6467	0.6598	0.6673	0.6777	0.6851	0.6955	0.7021	0.7086	0.7164	0.7246	0.7313	0.7367	0.7421	0.746	0.7501	0.7545	0.7577	0.7612	0.7637	0.7661	0.7689	0.771	0.7736	0.7757
G9	SYFP2+	0.1947	0.1949	0.1962	0.199	0.2006	0.2027	0.2049	0.2068	0.2096	0.2122	0.2157	0.2201	0.2239	0.2278	0.2332	0.2391	0.2448	0.2499	0.2555	0.2623	0.2681	0.275	0.2813	0.289	0.2955	0.3038	0.3115	0.3196	0.328	0.3353	0.3439	0.3517	0.3606	0.373	0.3833	0.3901	0.4	0.4098	0.4184	0.4283	0.4387	0.4501	0.4601	0.4724	0.4819	0.4889	0.496	0.5036	0.5112	0.5185	0.5288	0.5346	0.5457	0.5574	0.5641	0.5727	0.5814	0.5899	0.6025	0.6081	0.6184	0.6297	0.6399	0.6487	0.6568	0.6635	0.6769	0.6837	0.6918	0.7009	0.7078	0.7143	0.7206	0.7278	0.733	0.7382	0.743	0.7474	0.7536	0.7553	0.76	0.7629	0.7665	0.7688	0.7713
G10	SYFP2+	0.1941	0.1945	0.1965	0.1995	0.203	0.2056	0.2081	0.2103	0.2132	0.2158	0.2188	0.222	0.2262	0.2306	0.2354	0.2411	0.2464	0.2515	0.257	0.263	0.2689	0.2751	0.2814	0.2882	0.2946	0.3015	0.3088	0.3158	0.3238	0.3311	0.3391	0.3471	0.3549	0.3643	0.3737	0.3848	0.3936	0.4038	0.411	0.425	0.434	0.4479	0.4547	0.4749	0.484	0.4977	0.5035	0.5116	0.5159	0.5245	0.5336	0.5403	0.5534	0.5636	0.571	0.582	0.589	0.6026	0.6089	0.6256	0.6335	0.6438	0.6558	0.6622	0.672	0.6818	0.6922	0.702	0.7089	0.716	0.722	0.7298	0.736	0.741	0.7454	0.749	0.753	0.7565	0.7603	0.7646	0.7683	0.7709	0.773	0.7765	0.7796
G11	WT+	0.192	0.1923	0.1941	0.1961	0.1984	0.2009	0.2028	0.2046	0.2067	0.2091	0.2116	0.2148	0.2183	0.2221	0.2267	0.232	0.2376	0.2437	0.249	0.2553	0.2614	0.2681	0.2748	0.2821	0.289	0.2967	0.3041	0.3119	0.32	0.3275	0.3355	0.3438	0.3523	0.3573	0.3683	0.3813	0.3931	0.4004	0.4128	0.4252	0.4387	0.4478	0.4582	0.4731	0.4897	0.4971	0.5086	0.5161	0.525	0.5307	0.538	0.5478	0.5572	0.5689	0.5768	0.5904	0.5963	0.6116	0.6222	0.634	0.6451	0.6543	0.6663	0.6757	0.6812	0.6935	0.7025	0.7105	0.7193	0.7254	0.733	0.7395	0.7442	0.7505	0.7551	0.7598	0.7639	0.7674	0.7709	0.7745	0.7786	0.7809	0.7828	0.786	0.7891
G12	Blank-	0.1416	0.1412	0.1416	0.1421	0.1425	0.1422	0.143	0.1426	0.1433	0.143	0.1431	0.1441	0.144	0.1449	0.1454	0.1449	0.1454	0.1458	0.1469	0.1464	0.1478	0.1485	0.1497	0.1503	0.1506	0.1514	0.1519	0.1532	0.1539	0.155	0.1561	0.1568	0.1577	0.158	0.1586	0.1591	0.1597	0.1603	0.1604	0.161	0.1614	0.1618	0.1618	0.1621	0.1622	0.162	0.1625	0.1629	0.1633	0.1634	0.1635	0.1639	0.1643	0.1647	0.1648	0.1647	0.1647	0.1648	0.1648	0.165	0.165	0.1655	0.1658	0.166	0.1661	0.1661	0.1663	0.1661	0.1663	0.1664	0.1666	0.1666	0.1665	0.1668	0.1668	0.1668	0.1668	0.1672	0.1669	0.1669	0.1674	0.1671	0.167	0.1669	0.1673