well	type	0	0.5	1	1.5	2	2.5	3	3.5	4	4.5	5	5.5	6	6.5	7	7.5	8	8.5	9	9.5	10	10.5	11	11.5	12	12.5	13	13.5	14	14.5	15	15.5	16	16.5	17	17.5	18	18.5	19	19.5	20	20.5	21	21.5	22	22.5	23	23.5	24	24.5	25	25.5	26	26.5	27	27.5	28	28.5	29	29.5	30	30.5	31	31.5	32	32.5	33	33.5	34	34.5	35	35.5	36	36.5	37	37.5	38	38.5	39	39.5	40	40.5	41	41.5	42
B1	Blank-	492	476	478	469	469	472	475	474	473	474	477	483	469	464	467	476	465	475	461	468	472	474	467	467	455	463	466	460	475	463	468	469	462	469	458	462	456	456	456	461	462	457	457	452	456	452	462	462	464	451	454	456	452	457	449	457	460	457	455	457	458	445	451	452	451	446	450	455	453	449	446	455	449	448	449	450	445	449	450	452	443	443	450	446	447
B2	WT-	484	466	475	472	467	468	471	463	471	468	462	467	462	463	457	468	455	464	462	465	450	461	447	453	445	451	450	443	447	440	438	444	444	436	443	439	434	435	433	432	434	427	439	428	437	435	425	434	433	424	427	425	427	425	422	420	421	424	418	417	420	413	418	416	417	408	409	416	413	410	410	406	411	410	412	407	404	407	408	404	407	405	403	403	405
B3	dTom NI	482	464	459	458	463	470	462	457	468	469	472	470	471	469	473	473	465	475	473	478	472	471	467	474	468	474	472	470	472	471	476	476	475	479	485	482	478	482	480	490	489	486	496	496	503	499	503	509	513	511	521	529	522	527	529	541	547	544	544	556	566	553	561	573	580	576	587	592	598	602	606	615	618	625	626	643	659	656	661	666	666	675	684	696	709
B4	dTom-	481	466	467	458	462	463	459	462	469	465	463	473	462	458	466	462	465	465	456	464	458	456	453	454	450	457	450	441	454	453	451	445	452	439	442	437	436	440	438	441	441	438	439	434	435	434	437	433	439	431	428	438	434	432	437	440	430	436	427	426	429	430	428	424	431	421	422	422	418	424	414	418	421	421	421	416	424	414	413	414	418	415	408	414	419
B5	SYFP2 NI	633	618	621	634	652	655	678	692	724	762	779	808	848	890	928	978	1028	1079	1105	1132	1154	1179	1208	1257	1300	1329	1383	1413	1475	1514	1560	1648	1707	1756	1838	1898	1967	2034	2135	2213	2301	2381	2475	2590	2676	2801	2879	3005	3158	3257	3403	3487	3630	3749	3844	4015	4097	4262	4393	4525	4692	4819	4937	5079	5276	5420	5558	5631	5808	5934	6027	6224	6274	6400	6550	6653	6762	6858	6972	7071	7143	7277	7344	7420	7546
B6	SYFP2-	630	617	625	622	622	628	636	632	645	659	658	666	667	675	675	690	696	718	712	718	719	721	721	732	734	740	745	754	757	763	769	778	781	785	793	803	808	826	832	848	861	861	882	887	907	913	937	946	963	970	987	1003	1021	1034	1055	1057	1082	1098	1105	1127	1129	1163	1173	1191	1201	1206	1244	1249	1266	1288	1300	1331	1324	1342	1347	1364	1376	1385	1404	1404	1436	1457	1458	1469	1485
B7	WT+	473	461	459	456	458	459	460	456	461	460	461	460	468	458	460	470	465	467	458	466	460	465	453	459	453	461	464	455	453	459	454	455	448	449	451	450	443	453	444	454	451	449	449	438	442	438	444	445	446	445	447	445	445	440	443	446	439	443	438	444	442	429	442	440	435	430	429	432	434	424	427	430	427	425	423	424	425	423	425	422	425	423	421	426	422
B8	dTom+	467	465	469	468	473	478	477	483	486	485	486	487	490	491	490	493	489	498	488	497	487	494	491	503	497	499	505	494	511	507	510	509	504	504	505	510	503	507	520	514	516	507	519	518	523	526	532	530	538	533	538	544	550	549	558	548	553	558	561	569	574	579	584	582	593	587	596	600	601	604	609	618	618	631	630	644	638	641	650	656	660	674	676	690	685
B9	dTom+	473	471	469	477	483	490	485	489	495	492	490	498	501	489	497	505	500	506	496	496	495	505	507	515	506	511	504	507	517	515	515	516	523	516	517	515	517	518	515	524	524	528	535	529	540	532	544	534	546	544	548	561	556	553	561	567	567	575	578	582	579	579	594	589	599	595	606	616	618	612	624	623	633	631	646	649	653	662	667	668	682	690	691	694	708
B10	SYFP2+	825	818	835	840	847	855	875	890	893	916	948	977	1009	1055	1105	1155	1196	1268	1323	1373	1429	1460	1508	1538	1586	1627	1679	1729	1802	1862	1908	1952	2026	2087	2149	2224	2322	2377	2454	2555	2657	2754	2818	2943	2998	3112	3239	3384	3465	3594	3691	3809	3953	4097	4194	4335	4453	4581	4751	4867	5011	5200	5292	5462	5583	5748	5918	6026	6219	6427	6436	6651	6722	6917	7011	7175	7289	7390	7531	7619	7816	7919	8038	8112	8239
B11	SYFP2+	821	814	820	826	827	835	845	871	886	907	940	972	1005	1042	1078	1138	1187	1247	1287	1317	1346	1380	1421	1466	1498	1562	1611	1647	1703	1762	1827	1878	1936	1989	2047	2120	2174	2247	2319	2412	2494	2586	2674	2770	2848	2945	3064	3165	3293	3391	3517	3635	3750	3900	4002	4107	4276	4386	4510	4688	4807	4971	5079	5210	5369	5554	5682	5827	5980	6135	6248	6482	6597	6773	6846	7023	7223	7322	7481	7640	7707	7873	7971	8115	8176
B12	Blank+	485	483	482	474	473	473	477	473	480	478	477	475	474	476	472	475	475	471	465	473	462	470	460	471	463	468	460	465	463	466	461	463	461	458	462	461	457	456	458	461	461	457	466	455	465	457	459	460	461	459	456	462	457	457	454	452	451	457	457	457	459	447	459	456	458	446	451	450	454	451	450	452	452	455	453	449	451	446	446	447	447	453	454	451	449
C1	Blank-	500	485	480	481	478	483	484	476	486	480	481	485	484	481	475	478	480	480	478	474	471	479	465	467	458	466	473	470	468	470	468	467	468	464	460	460	460	465	465	467	468	464	465	462	469	468	471	469	465	466	463	468	463	462	463	468	464	468	467	465	464	457	463	466	462	459	462	461	463	456	456	463	461	461	458	459	464	456	466	457	457	460	460	461	456
C2	WT NI	484	471	475	463	470	465	466	467	471	470	471	471	462	465	459	463	462	470	457	464	444	456	456	457	445	451	441	445	450	440	449	444	442	443	434	439	434	431	429	438	435	426	435	431	427	429	429	431	431	429	432	421	424	426	428	421	426	425	418	425	421	410	422	418	419	406	418	413	413	406	409	409	418	408	408	410	409	406	406	406	400	406	403	403	401
C3	WT-	483	471	467	477	468	472	471	468	467	479	466	469	467	471	462	469	467	454	463	458	456	459	453	461	448	447	442	446	446	458	450	441	454	437	436	439	437	440	436	436	437	436	436	434	431	431	434	432	430	433	431	432	427	429	429	426	418	420	416	425	422	421	418	419	422	410	414	408	412	413	417	417	409	410	411	409	406	409	410	407	405	402	403	404	401
C4	dTom NI	485	466	465	467	471	473	468	464	468	470	466	467	475	468	476	472	474	476	472	480	468	482	468	479	471	477	473	473	485	483	477	478	483	476	484	485	483	490	487	490	491	483	495	495	498	510	505	510	513	515	514	523	520	524	536	533	540	547	546	549	554	558	562	568	569	564	585	589	594	599	601	602	611	618	620	633	638	643	643	655	664	667	668	674	686
C5	dTom-	469	452	453	452	461	456	453	461	460	459	461	462	457	454	459	460	453	450	449	459	452	450	442	455	453	450	452	442	450	446	447	446	441	444	445	437	432	443	439	437	442	440	436	443	437	438	441	446	440	439	434	433	442	435	440	436	440	442	439	439	441	430	435	432	430	427	433	422	427	418	428	428	421	427	419	427	425	424	426	422	421	423	418	424	418
C6	SYFP2 NI	632	627	632	640	663	667	685	687	718	741	757	796	824	858	912	970	1021	1070	1151	1203	1251	1296	1360	1404	1451	1520	1584	1654	1717	1782	1849	1905	1970	2029	2092	2155	2210	2305	2353	2446	2540	2618	2719	2825	2915	3018	3129	3283	3383	3468	3589	3735	3871	3961	4085	4257	4385	4474	4611	4742	4923	5057	5197	5350	5526	5653	5816	5942	6074	6242	6376	6475	6582	6742	6902	6990	7148	7257	7416	7469	7628	7770	7822	7928	8078
C7	WT+	471	462	461	463	458	460	464	461	464	460	467	457	465	469	462	466	456	463	453	472	457	474	463	461	455	456	453	454	459	461	457	456	449	454	452	443	441	452	451	451	451	438	458	442	451	443	451	454	455	449	443	443	442	449	446	441	438	442	438	441	439	428	438	436	429	427	433	431	430	428	438	428	431	426	431	426	425	423	428	427	429	423	421	423	414
C8	WT+	469	464	460	462	462	465	464	464	463	468	460	468	461	464	465	465	459	467	463	463	463	467	449	464	463	461	454	453	458	455	452	456	453	450	449	454	440	451	451	457	448	444	451	442	454	449	449	453	442	439	452	442	442	447	443	444	443	447	439	441	435	431	437	431	436	431	431	437	425	430	432	431	430	424	425	427	421	428	421	422	420	423	421	429	416
C9	dTom+	489	476	478	480	484	483	490	491	495	500	502	498	501	509	492	502	506	505	496	507	503	513	504	518	505	511	510	508	513	523	521	517	515	515	517	518	516	528	524	525	527	522	534	531	538	539	546	547	554	549	549	558	561	550	568	563	576	574	577	584	585	586	594	598	595	606	603	616	620	624	627	630	634	644	647	649	655	672	676	680	681	692	689	693	696
C10	dTom+	481	471	466	482	481	481	485	483	495	493	487	491	498	499	501	495	497	502	504	502	502	509	498	506	505	504	508	514	503	508	513	514	511	514	509	514	516	520	526	525	524	518	530	526	537	535	541	547	540	559	556	553	559	566	571	577	576	584	597	595	592	582	602	606	621	614	623	627	629	638	641	654	656	655	672	668	680	682	690	694	704	702	712	722	729
C11	SYFP2+	835	831	840	850	849	869	879	893	912	937	972	992	1037	1079	1126	1170	1220	1262	1291	1338	1352	1391	1417	1437	1480	1515	1558	1596	1628	1683	1747	1798	1860	1917	1983	2046	2128	2198	2284	2375	2446	2549	2639	2717	2831	2917	3013	3134	3238	3363	3484	3636	3747	3850	3971	4136	4233	4413	4546	4679	4782	4970	5097	5245	5370	5563	5683	5840	5938	6186	6308	6403	6557	6702	6858	6966	7165	7220	7340	7542	7638	7799	7857	7967	8105
C12	Blank+	503	488	484	478	482	484	478	480	483	487	478	484	486	477	483	479	479	481	481	483	469	483	467	477	475	469	467	467	471	477	478	474	476	465	465	473	465	473	478	466	471	458	468	460	466	466	470	472	469	466	465	466	467	466	468	466	473	462	464	455	465	457	462	461	459	452	463	459	458	451	460	463	462	457	458	458	458	452	457	458	458	455	450	456	450
D1	Blank-	493	483	481	484	486	481	479	480	477	487	472	484	486	480	479	475	471	483	483	486	473	491	477	477	472	477	470	474	478	482	471	472	473	465	467	471	463	471	476	466	471	462	468	468	476	470	469	469	463	471	466	464	463	459	467	473	469	467	467	460	468	456	463	472	470	456	463	459	465	453	462	468	467	462	459	458	464	465	460	460	463	460	459	463	455
D2	SYFP2-	611	611	607	621	616	613	620	630	623	630	637	650	661	666	676	681	689	708	700	709	716	722	732	718	729	739	743	748	761	768	772	773	780	775	794	792	805	820	841	838	844	854	872	885	899	911	932	942	957	967	977	994	1013	1016	1030	1057	1075	1097	1107	1122	1135	1147	1162	1175	1186	1205	1228	1224	1249	1268	1259	1291	1308	1294	1330	1350	1357	1360	1377	1382	1400	1402	1423	1430	1439
D3	WT NI	486	475	471	473	473	477	471	470	484	470	464	467	479	465	465	471	463	467	467	463	462	462	450	450	448	452	454	444	456	449	445	444	441	442	434	441	441	443	443	434	436	429	435	431	429	433	433	430	425	434	436	429	435	428	428	424	430	421	427	418	423	412	421	420	417	410	417	414	419	403	413	418	413	412	411	410	407	407	403	406	403	401	405	402	397
D4	WT-	479	461	461	464	464	468	463	465	469	470	466	467	467	463	458	455	461	465	446	465	453	459	449	451	444	450	440	442	449	448	445	446	439	446	435	432	432	440	444	433	439	430	433	430	437	432	434	430	427	425	426	429	429	428	425	424	427	421	418	422	421	415	416	423	411	412	418	413	413	405	416	413	404	407	406	404	404	407	408	408	404	403	399	403	398
D5	dTom NI	477	461	457	463	453	458	456	464	462	459	468	460	464	467	463	463	465	459	470	465	467	468	466	468	468	469	463	464	465	473	479	477	472	473	475	474	471	484	481	488	487	483	490	490	492	491	491	502	502	503	514	517	520	517	524	524	529	537	538	541	542	546	553	559	566	555	561	576	580	577	583	595	599	605	610	610	624	616	632	634	647	653	655	669	672
D6	dTom-	476	459	458	467	460	466	460	466	471	459	463	461	463	464	461	464	462	464	464	463	453	463	448	458	451	450	447	447	454	457	451	452	452	437	443	434	433	440	438	442	439	434	440	436	433	434	435	438	437	432	434	438	430	430	429	433	429	433	433	426	426	422	421	428	425	418	419	416	422	419	425	419	419	416	423	419	412	411	418	408	412	412	411	414	407
D7	SYFP2+	826	827	825	827	832	847	851	867	892	908	931	961	988	1024	1059	1108	1176	1233	1267	1324	1382	1411	1447	1491	1512	1556	1584	1629	1678	1705	1763	1819	1869	1928	1976	2026	2087	2134	2219	2247	2333	2412	2486	2571	2651	2718	2841	2919	3006	3089	3201	3291	3402	3503	3590	3709	3811	3916	4022	4165	4254	4412	4498	4617	4745	4873	4994	5085	5225	5377	5476	5617	5696	5840	5900	6027	6090	6242	6295	6360	6477	6592	6622	6740	6808
D8	WT+	476	462	463	462	461	470	465	463	467	470	466	467	465	458	462	458	467	463	474	467	463	472	453	454	453	458	455	452	458	458	454	456	455	451	448	439	441	450	452	451	446	446	452	446	447	446	444	448	442	443	443	449	447	447	443	443	442	443	445	440	448	437	435	443	436	436	443	434	437	423	430	436	431	422	429	428	426	432	431	425	431	435	426	427	425
D9	WT+	478	471	464	472	459	461	465	461	475	471	471	474	469	465	470	474	464	469	466	469	460	466	460	464	456	461	467	462	460	461	453	460	460	456	451	448	447	453	456	459	460	449	457	449	459	454	455	456	455	451	452	460	454	450	452	452	445	449	452	448	450	438	449	443	446	434	445	439	441	437	432	439	435	437	434	436	433	431	436	428	429	425	428	431	422
D10	dTom+	486	476	478	473	477	489	486	492	496	501	495	495	501	498	499	501	494	496	502	506	500	504	498	505	505	506	506	505	510	505	511	512	508	513	516	515	509	515	519	525	528	518	525	522	530	531	540	533	543	534	545	543	550	551	559	563	563	568	569	579	580	570	587	591	594	597	599	607	608	606	621	633	636	633	641	651	650	658	663	673	675	685	679	697	702
D11	dTom+	491	476	478	482	487	488	488	492	490	496	499	497	497	499	496	501	496	499	497	503	507	508	497	503	499	502	501	500	510	507	509	514	520	505	505	510	512	518	516	529	518	516	528	526	536	539	536	541	548	556	547	552	558	557	573	573	574	576	577	588	588	592	599	603	603	608	615	622	630	634	634	642	651	655	656	674	674	678	690	685	699	702	716	726	717
D12	Blank+	487	468	470	478	472	471	467	468	475	470	476	474	474	474	472	472	467	470	465	474	465	472	467	467	465	463	466	463	463	462	463	460	459	459	461	452	449	459	459	457	457	452	455	448	456	456	459	451	457	454	458	454	455	455	453	458	454	458	455	458	458	448	448	459	452	447	458	452	450	442	453	459	451	457	449	447	453	457	457	452	456	450	454	453	443
E1	Blank+	500	483	477	482	481	481	478	480	483	480	477	477	479	480	473	475	480	480	478	474	474	477	477	479	467	473	471	477	471	464	471	483	470	473	468	458	466	476	462	461	477	470	470	463	464	468	466	462	453	458	467	464	469	458	459	462	471	469	451	463	459	454	457	460	460	460	456	458	465	447	458	453	459	447	458	456	458	460	452	455	456	454	459	457	450
E2	SYFP2 NI	638	624	633	633	652	660	695	704	727	758	794	820	853	902	951	1002	1062	1139	1166	1202	1246	1300	1335	1372	1437	1498	1549	1617	1674	1706	1778	1849	1904	1962	2036	2112	2193	2278	2368	2459	2547	2670	2753	2908	3018	3118	3233	3359	3495	3627	3745	3884	4034	4158	4285	4432	4573	4731	4848	5037	5195	5313	5490	5596	5796	5974	6089	6207	6426	6549	6637	6823	6870	7097	7171	7277	7437	7542	7654	7759	7967	8005	8212	8242	8392
E3	SYFP2-	634	618	629	622	614	633	627	631	647	647	647	663	663	667	683	691	689	715	712	711	723	724	723	740	733	732	752	753	760	761	769	778	785	797	800	806	808	827	835	841	857	870	881	896	903	925	938	967	961	990	1003	1005	1021	1050	1060	1063	1094	1100	1123	1127	1139	1166	1177	1187	1219	1217	1243	1253	1279	1283	1296	1327	1313	1326	1350	1363	1369	1396	1400	1409	1426	1432	1433	1459	1481
E4	WT NI	485	465	465	475	465	463	475	469	466	467	467	465	469	467	467	464	457	462	457	464	459	453	455	450	445	450	449	452	447	445	448	447	441	444	446	436	444	447	441	433	439	426	433	431	433	428	433	438	435	428	438	433	433	427	433	424	430	430	423	427	424	418	423	420	419	413	416	416	419	415	418	407	415	408	410	415	414	414	414	405	404	409	404	402	405
E5	WT-	478	459	468	460	466	467	460	464	464	462	458	467	462	467	458	456	450	462	454	455	455	454	448	453	441	441	443	446	440	439	437	446	445	435	435	436	430	436	433	431	434	431	438	422	427	437	435	424	423	428	437	420	419	424	425	418	424	423	419	418	426	414	417	418	419	415	415	416	414	409	413	409	409	405	410	403	406	399	408	404	407	399	412	399	394
E6	dTom NI	486	476	464	462	473	475	468	471	469	475	471	469	476	481	473	478	477	472	480	473	475	482	472	468	476	476	473	475	471	478	479	484	476	482	477	477	473	483	490	484	485	483	495	492	502	501	494	500	501	503	511	515	516	517	522	520	529	531	535	547	540	537	551	553	550	565	564	577	570	573	576	589	593	589	602	607	606	619	626	631	631	637	645	645	651
E7	SYFP2+	817	815	818	823	828	841	859	873	892	911	937	967	984	1020	1061	1096	1155	1228	1266	1315	1368	1395	1406	1440	1459	1519	1552	1594	1629	1659	1706	1755	1807	1855	1915	1976	2053	2092	2194	2269	2346	2430	2496	2602	2709	2805	2900	3013	3115	3211	3309	3456	3550	3635	3775	3922	4004	4144	4229	4422	4534	4694	4786	4887	5002	5197	5256	5374	5562	5659	5770	5886	5926	6062	6164	6228	6352	6389	6480	6526	6652	6778	6812	6852	6972
E8	SYFP2+	830	810	829	831	839	838	850	870	887	904	923	956	998	1020	1055	1101	1150	1206	1250	1285	1322	1345	1375	1403	1425	1469	1500	1538	1585	1610	1674	1696	1744	1783	1828	1893	1929	2002	2064	2125	2192	2273	2328	2422	2509	2576	2682	2750	2865	2943	3040	3157	3258	3349	3457	3551	3678	3774	3846	4010	4070	4229	4316	4436	4572	4702	4807	4926	5045	5161	5250	5418	5492	5582	5683	5781	5918	5977	6063	6119	6259	6318	6372	6438	6564
E9	WT+	472	457	465	459	458	461	459	460	465	457	463	460	465	458	459	458	451	458	457	459	448	449	451	454	451	442	452	449	454	453	450	450	448	453	446	448	439	450	444	445	447	438	447	447	449	446	444	449	445	440	449	442	444	441	440	439	436	439	436	445	439	431	436	443	438	432	434	435	441	432	431	424	434	424	432	424	431	429	428	426	424	433	429	425	417
E10	WT+	484	472	470	472	468	469	467	465	481	463	466	471	472	472	464	464	453	460	450	463	460	458	455	452	454	456	453	446	451	448	443	455	443	449	447	446	442	445	444	441	446	436	449	444	440	435	441	442	439	434	444	435	432	437	437	434	432	435	432	433	429	417	426	430	418	417	428	418	420	422	419	421	421	412	420	415	417	415	413	414	417	415	411	413	401
E11	dTom+	494	483	483	485	490	496	495	493	497	506	501	497	500	506	497	511	502	504	498	504	508	494	505	504	501	504	507	499	501	506	511	511	510	509	505	521	508	524	522	513	531	528	541	522	519	533	539	532	537	539	553	558	560	558	565	560	567	576	569	579	579	586	592	598	603	598	615	612	620	624	627	633	642	640	653	657	667	672	674	679	688	689	700	706	709
E12	Blank-	494	476	476	472	469	476	469	472	477	475	472	467	473	468	475	467	468	472	475	467	470	471	470	466	462	469	461	459	466	462	465	465	462	467	458	460	455	461	464	456	461	460	469	462	464	469	462	459	464	455	461	456	465	459	463	460	455	464	459	459	463	457	461	465	466	461	452	454	460	456	460	454	459	449	465	455	458	461	460	455	460	454	457	455	462
F1	Blank+	497	488	490	482	477	476	476	484	488	492	481	482	486	485	484	484	482	484	481	487	480	485	477	482	486	489	486	481	479	476	488	485	476	483	474	483	470	474	475	476	479	465	470	466	470	471	474	473	467	468	475	471	469	468	469	469	472	465	469	474	469	463	468	465	467	466	473	468	476	462	468	460	465	460	472	474	471	465	462	469	464	466	462	466	466
F2	dTom-	478	469	468	471	472	473	471	471	472	471	467	470	470	468	469	460	469	467	458	462	458	455	455	458	454	468	451	454	446	454	444	450	450	446	448	443	439	442	443	437	445	439	443	432	439	442	439	440	432	437	439	442	436	438	441	432	433	437	435	430	430	431	428	429	429	423	424	426	433	419	425	420	427	426	424	415	418	423	415	421	420	423	421	417	410
F3	SYFP2 NI	641	629	634	639	651	667	699	708	736	762	788	828	859	908	956	1018	1045	1104	1132	1155	1183	1212	1261	1295	1326	1376	1421	1462	1514	1601	1660	1726	1793	1858	1934	2003	2090	2171	2248	2352	2449	2553	2644	2738	2845	2975	3095	3236	3368	3502	3600	3750	3892	4011	4176	4323	4479	4566	4769	4917	5050	5222	5348	5521	5675	5859	6010	6141	6359	6446	6591	6717	6831	7052	7079	7237	7348	7482	7681	7739	7838	7946	8027	8240	8323
F4	SYFP2-	637	622	618	612	612	622	620	628	636	647	655	656	669	675	681	685	689	711	713	709	711	709	711	711	715	727	734	735	741	752	765	765	774	772	779	783	784	796	821	818	837	844	852	861	875	895	911	922	935	952	964	972	994	1007	1018	1033	1056	1062	1071	1097	1109	1131	1136	1153	1161	1193	1203	1195	1234	1228	1243	1255	1274	1280	1290	1310	1326	1338	1337	1366	1360	1374	1389	1395	1401
F5	WT NI	480	461	468	464	469	470	464	472	462	463	461	462	461	457	458	454	452	461	452	451	451	454	454	450	450	456	450	439	447	442	449	449	442	442	435	437	439	439	443	442	441	435	439	429	434	436	437	442	429	428	429	429	428	433	434	427	431	423	423	428	430	416	425	423	425	411	414	419	429	413	419	411	415	414	416	418	416	412	410	410	405	410	414	413	402
F6	WT-	481	466	465	465	467	473	461	464	468	464	467	467	463	456	466	460	456	456	451	449	453	451	444	455	445	451	453	437	447	440	447	447	446	443	443	437	436	441	437	434	440	434	442	427	438	436	433	436	432	431	430	422	434	428	433	420	432	422	423	427	424	415	420	417	418	413	412	416	424	413	417	412	418	410	405	406	412	404	408	414	402	404	409	410	398
F7	dTom+	477	463	467	466	476	473	474	475	484	483	485	484	485	478	485	486	481	487	487	485	485	494	487	481	486	487	491	489	494	492	495	508	498	509	506	506	495	513	510	509	519	511	519	511	514	525	535	534	525	535	545	542	543	555	556	564	563	572	568	575	584	581	584	598	588	600	606	615	623	622	635	625	641	641	656	653	654	665	670	674	678	692	699	709	706
F8	SYFP2+	841	835	849	856	858	872	886	903	922	945	965	1002	1034	1063	1098	1125	1142	1166	1179	1206	1222	1260	1276	1300	1325	1355	1378	1427	1457	1490	1528	1550	1601	1682	1768	1841	1900	1982	2078	2163	2253	2322	2449	2536	2630	2739	2819	2948	3067	3176	3285	3405	3550	3677	3808	3926	4071	4206	4299	4488	4612	4759	4884	5002	5174	5345	5502	5636	5752	5990	6045	6208	6328	6511	6608	6786	6862	6997	7077	7215	7351	7437	7510	7621	7805
F9	SYFP2+	856	839	846	850	852	862	870	892	906	927	967	1002	1025	1059	1091	1129	1151	1179	1197	1212	1243	1262	1283	1302	1347	1383	1414	1454	1489	1545	1576	1653	1715	1776	1834	1894	1972	2018	2100	2191	2247	2332	2430	2511	2595	2671	2792	2894	2988	3117	3217	3324	3458	3563	3672	3841	3922	4032	4177	4329	4476	4591	4707	4892	5018	5120	5311	5404	5569	5725	5871	6021	6115	6271	6424	6562	6671	6828	6879	7076	7153	7269	7383	7467	7653
F10	WT+	477	472	470	468	471	462	461	473	465	469	466	464	470	462	458	465	463	462	467	461	451	460	452	453	455	453	451	455	449	447	443	457	445	448	444	445	440	448	450	449	452	439	451	434	442	443	444	441	432	439	437	428	441	438	437	433	433	435	431	434	430	431	433	428	430	423	429	426	429	416	422	423	420	418	414	423	415	421	410	413	412	413	413	415	407
F11	WT+	480	473	468	470	468	472	472	476	473	473	469	469	469	469	463	463	463	463	458	467	466	462	466	453	449	457	460	453	463	451	455	463	456	458	453	449	446	457	457	446	448	442	457	440	438	452	445	453	441	435	439	439	444	442	448	438	441	433	431	435	439	431	434	433	433	430	430	423	431	424	428	425	429	422	426	422	421	423	421	416	425	422	418	413	415
F12	Blank-	492	474	481	475	483	474	473	480	472	479	478	470	481	478	469	474	474	475	473	469	472	473	466	475	468	466	467	466	462	466	461	469	460	463	466	460	453	460	460	459	465	457	461	450	457	461	470	466	461	466	466	457	461	461	464	459	462	460	457	460	462	464	459	459	458	454	455	462	459	457	455	451	461	463	461	459	465	461	464	456	457	465	464	457	453
G1	Blank+	493	479	477	472	474	478	473	477	476	470	476	469	479	472	469	478	474	469	467	465	478	471	471	474	474	471	470	465	465	470	472	467	468	472	468	458	453	467	470	465	463	463	471	467	464	468	459	470	463	463	468	463	463	461	463	467	460	467	465	463	463	469	468	462	459	465	471	462	466	463	465	460	460	463	466	462	458	453	461	467	465	464	462	457	465
G2	dTom NI	488	471	475	471	473	473	476	476	474	472	472	476	472	470	473	471	467	471	469	468	473	471	470	468	473	470	474	472	472	461	478	471	464	476	471	473	478	478	485	477	487	489	487	486	483	492	496	500	501	496	506	498	515	516	523	517	535	533	530	531	544	544	547	553	558	559	571	563	590	580	584	599	593	599	610	613	620	632	635	643	641	639	658	653	669
G3	dTom-	483	466	468	469	470	465	468	470	474	466	467	467	468	473	463	463	463	462	462	460	460	461	452	454	459	459	456	454	458	447	451	448	459	454	450	450	441	449	453	441	442	444	445	437	442	444	437	441	432	433	436	435	435	438	435	434	432	430	423	432	426	422	428	421	428	423	429	418	427	421	426	414	419	416	419	420	415	412	418	416	417	413	416	414	410
G4	SYFP2 NI	632	617	636	639	649	659	667	697	720	747	762	803	837	876	903	930	965	988	1009	1021	1047	1089	1103	1140	1167	1203	1233	1265	1291	1374	1442	1529	1586	1628	1711	1777	1828	1941	2005	2113	2174	2307	2379	2491	2568	2686	2781	2917	3054	3170	3299	3429	3576	3720	3836	3981	4126	4229	4387	4519	4709	4862	4967	5160	5263	5465	5592	5777	5907	6008	6129	6318	6402	6589	6694	6820	7023	7094	7212	7251	7436	7539	7695	7798	7958
G5	SYFP2-	624	617	610	613	610	610	620	631	638	631	638	651	656	657	661	673	671	672	674	677	674	670	679	688	681	678	678	682	690	699	698	695	709	707	723	723	727	738	753	751	763	762	781	785	803	813	823	850	855	874	882	888	900	925	929	951	952	965	976	1010	1018	1023	1039	1049	1078	1076	1089	1104	1115	1121	1146	1136	1150	1168	1194	1170	1187	1199	1204	1217	1229	1230	1250	1267	1278
G6	WT NI	479	462	466	460	459	468	458	461	458	460	466	461	460	453	460	460	454	458	453	449	456	447	448	447	452	447	446	444	442	444	447	442	441	446	443	432	431	438	436	435	443	434	445	430	430	435	425	437	430	427	432	427	435	432	434	423	428	429	419	423	425	419	424	419	422	419	416	414	415	413	415	410	416	410	413	412	409	408	412	410	414	409	408	407	402
G7	dTom+	491	480	491	487	487	492	492	500	502	497	495	505	503	508	498	501	497	502	504	504	505	497	496	503	501	509	513	504	505	510	503	506	499	511	510	514	504	522	516	512	522	515	528	525	529	531	531	535	530	533	548	545	548	554	559	554	559	564	569	576	579	577	593	590	599	595	607	600	617	617	620	619	630	636	640	652	648	652	667	672	671	680	699	697	701
G8	dTom+	481	480	475	481	484	488	489	492	499	498	492	499	502	492	490	494	499	498	504	495	500	493	499	496	505	497	506	502	502	498	503	505	508	514	499	503	502	503	515	511	514	519	523	515	519	526	529	543	532	535	545	543	550	549	555	558	556	569	560	567	579	576	583	584	592	596	597	600	608	612	629	612	625	638	641	645	641	651	670	674	679	681	685	677	693
G9	SYFP2+	842	827	832	845	850	860	869	888	910	936	959	996	1021	1056	1088	1116	1143	1171	1191	1196	1235	1248	1278	1306	1345	1370	1394	1435	1474	1500	1552	1603	1628	1686	1767	1827	1899	1934	2034	2102	2164	2252	2313	2409	2522	2591	2701	2785	2911	3034	3137	3245	3378	3474	3568	3713	3821	3981	4083	4198	4359	4442	4601	4769	4869	5083	5199	5368	5489	5665	5714	5956	5989	6202	6292	6442	6628	6752	6814	6973	7116	7218	7320	7442	7562
G10	SYFP2+	843	837	854	853	869	871	899	907	919	943	970	998	1033	1064	1095	1130	1150	1182	1195	1210	1235	1256	1280	1310	1318	1356	1384	1410	1440	1461	1510	1535	1598	1629	1704	1765	1834	1918	1981	2107	2159	2269	2362	2450	2548	2636	2739	2832	2959	3083	3204	3364	3481	3598	3712	3898	4024	4149	4264	4403	4560	4716	4838	4969	5164	5302	5453	5600	5785	5886	6042	6162	6341	6465	6636	6770	6889	6963	7083	7170	7290	7483	7575	7677	7841
G11	WT+	484	475	474	467	471	475	478	473	476	479	467	472	470	469	469	471	460	466	468	461	462	462	457	460	468	463	459	453	451	455	451	455	455	457	453	448	448	452	454	455	448	449	452	442	443	448	445	447	440	447	441	435	440	443	441	440	435	434	432	429	433	429	434	425	433	428	425	430	423	430	422	420	416	412	426	420	421	418	422	417	414	413	421	414	408
G12	Blank-	492	486	480	482	481	488	490	488	481	485	480	483	481	486	484	481	493	483	477	480	488	483	480	483	477	480	477	472	472	474	471	473	465	473	469	470	465	471	472	471	471	464	473	465	464	473	470	469	465	461	473	467	468	466	466	462	469	474	464	467	471	473	467	464	464	463	470	461	467	469	465	462	463	460	466	466	457	464	469	466	464	462	464	463	460